The number of vertices in the graph is 1426.

The number of edges in the graph is 1659.

Below is the adjacency list for this graph with the verrtices sorted.
1,99,219,329
5,114,238,239,296,329
7,264,278
8,11,18,60,84
11,8,31,74,152,274,289
14,79,86,129,147
15,250,296
17,202,297
18,8,21,88,252
19,147,198,288,297
21,18,129,156,290
23,80,123,218,252
27,80,164,172,298
30,74,298
31,11,75,151,172,264,294
34,99,133,186,299
39,45,72,283,299
41,96,112,144,300
43,99,129
45,39,274
56,74,163
59,202,257,266,283
60,8,104,120,172,218,250,285,300
62,70,80,130,167
65,172,225,293,301
70,62,119,120,301
72,39,98
73,277,302
74,11,30,56,120,192,202,211,289
75,31,98,202,302
79,14,88,144,303
80,23,27,62,112,128,133,186,209,254,303
84,8,87,210,276
85,178,286,293,304
86,14,99,215,304
87,84,136,151,218
88,18,79,156,163
96,41,266,277,305
98,72,75,147,172,276,305
99,1,34,43,86,119,185
102,154,164,251,306
104,60,114
109,129,306
111,115,272
112,41,80
114,5,104,206,307
115,111,142,250,307
119,70,99
120,60,70,74,183,193,308
122,237,272,293,308
123,23,309
124,202,309
128,80,310
129,14,21,43,109,277,310
130,62,133
133,34,80,130,178,285,311
136,87,311
139,183,259,266,312
142,115,186,283,312
144,41,79
147,14,19,98,164
151,31,87,217,313
152,11,217,266,313
153,154,210
154,102,153,254,314
156,21,88,264,314
160,200,215
163,56,88
164,27,102,147,315
166,256,315
167,62,172
172,27,31,60,65,98,167
178,85,133,186,316
179,294,316
183,120,139,210,215,219,237,238,254
185,99,254
186,34,80,142,178
192,74,234
193,120,225
198,19,199,285,317
199,198,238,274,317
200,160,210,225,258
202,17,59,74,75,124,318
206,114,283
209,80,318
210,84,153,183,200,264,319
211,74,319
212,218,225
215,86,160,183,254,256,320
217,151,152,264,272,293,294
218,23,60,87,212,259,288
219,1,183
222,228,320
225,65,193,200,212,290,321
228,222,257,286,294
234,192,251
237,122,183
238,5,183,199,321
239,5,322
250,15,60,115,322
251,102,234,277,323
252,18,23,274,323
254,80,154,183,185,215,283
256,166,215,258,324
257,59,228
258,200,256
259,139,218
264,7,31,156,210,217,278,284,288
266,59,96,139,152
272,111,122,217,324
274,11,45,199,252,277,286,287,325
276,84,98
277,73,96,129,251,274,325
278,7,264
283,39,59,142,206,254,326
284,264,285
285,60,133,198,284
286,85,228,274,326
287,274,327
288,19,218,264,327
289,11,74,295,328
290,21,225
293,65,85,122,217
294,31,179,217,228
295,289,328
296,5,15
297,17,19
298,27,30
299,34,39
300,41,60
301,65,70
302,73,75
303,79,80
304,85,86
305,96,98
306,102,109
307,114,115
308,120,122
309,123,124
310,128,129
311,133,136
312,139,142
313,151,152
314,154,156
315,164,166
316,178,179
317,198,199
318,202,209
319,210,211
320,215,222
321,225,238
322,239,250
323,251,252
324,256,272
325,274,277
326,283,286
327,287,288
328,289,295
329,1,5
700,710,1000
701,801,1000
702,704,744,759,1001
704,702,867
709,771,782
710,700,774,808,866,974,1001
714,732,756
717,739,946,986,1002
723,749,764,817,883,907,957,969,973
724,781,801,870,1002
725,752,782,799,867,883,891,950,992,996,1003
727,817,886
732,714,782,996,1003
739,717,790
740,851,867,902,1004
741,883,1004
742,758,813,816,833,968,986
744,702,782,795,928
748,848,938,968,1005
749,723,966,973,1005
752,725,795,963,1006
755,840,891,993,1006
756,714,768,954,1007
758,742,974
759,702,847
760,851,1007
764,723,1008
765,841,865,933,957
766,954,1008
768,756,792,793,799,964,999
771,709,847,999,1009
772,810,1009
774,710,781,966,1010
776,843,985
777,885,910,918,1010
781,724,774,915,934,955,964
782,709,725,732,744,790,808,818,824,916,917,996,1011
788,993,1011
790,739,782,836,861,990,1012
792,768,896,916,951,974,986
793,768,801
794,824,866
795,744,752,887,973
796,916,1012
799,725,768,870,922
801,701,724,793,916
803,996,1013
808,710,782,898,957,958,1013
810,772,892,896,1014
813,742,951
816,742,847,930,950
817,723,727
818,782,938,939,1014
824,782,794,918,1015
826,898,1015
831,918,973
833,742,945
836,790,907,973,1016
840,755,895,969,1016
841,765,885
843,776,955,973,1017
847,759,771,816,969
848,748,935
851,740,760,857,950,990,1017
857,851,885
861,790,875,968,999
865,765,866,963,1018
866,710,794,865,969
867,704,725,740,892,922,1018
870,724,799,890,928,950,1019
871,945,957
875,861,892,946,1019
883,723,725,741,892,930,1020
885,777,841,857,954
886,727,950,954,1020
887,795,992,993,1021
890,870,928
891,725,755,930,1021
892,810,867,875,883
895,840,973
896,792,810,930,1022
898,808,826,899,951
899,898,927
902,740,1022
906,973,1023
907,723,836,919,964
910,777,916,935,1023
914,925,927,945,950,985,1024
915,781,930,958,1024
916,782,792,796,801,910,927
917,782,1025
918,777,824,831,1025
919,907,1026
922,799,867
925,914,1026
927,899,914,916,1027
928,744,870,890,1027
930,816,883,891,896,915,935
933,765,950
934,781,1028
935,848,910,930,1028
938,748,818,993,1029
939,818,1029
945,833,871,914,1030
946,717,875,957,1030
950,725,816,851,870,886,914,933,1031
951,792,813,898,993
954,756,766,885,886,990,1031
955,781,843
957,723,765,808,871,946,1032
958,808,915
963,752,865
964,768,781,907,1032
966,749,774
968,742,748,861,969
969,723,840,847,866,968,1033
973,723,749,795,831,836,843,895,906
974,710,758,792,996
985,776,914
986,717,742,792,1033
990,790,851,954,1034
992,725,887
993,755,788,887,938,951,1034
996,725,732,782,803,974,1035
999,768,771,861,1035
1000,700,701
1001,702,710
1002,717,724
1003,725,732
1004,740,741
1005,748,749
1006,752,755
1007,756,760
1008,764,766
1009,771,772
1010,774,777
1011,782,788
1012,790,796
1013,803,808
1014,810,818
1015,824,826
1016,836,840
1017,843,851
1018,865,867
1019,870,875
1020,883,886
1021,887,891
1022,896,902
1023,906,910
1024,914,915,1036
1025,917,918,1036
1026,919,925
1027,927,928
1028,934,935
1029,938,939
1030,945,946
1031,950,954
1032,957,964
1033,969,986
1034,990,993
1035,996,999
1036,1024,1025
1401,1442,1509,1593,1622
1402,1455,1531,1680,1720
1404,1570,1600,1689,1721
1405,1522,1561,1694,1721
1406,1469,1479,1481,1722
1409,1491,1634
1412,1506,1530,1575,1634
1413,1450,1600,1632,1666
1414,1522,1529,1665,1669
1419,1469,1480,1698,1722
1435,1500,1698
1437,1479,1658,1666,1723
1439,1570,1723
1441,1507,1513,1557,1593,1687,1724
1442,1401,1593,1607,1724
1444,1481,1593
1449,1593,1725
1450,1413,1464,1514,1563
1452,1487,1563
1454,1672,1725
1455,1402,1654,1672,1726
1456,1506,1517,1529,1574,1581,1726
1457,1557,1584,1600,1634
1461,1518,1727
1463,1481,1574,1581,1727
1464,1450,1600
1467,1519,1550,1563,1688
1469,1406,1419,1632,1728
1470,1606,1661
1476,1500,1593
1477,1540,1581
1478,1560,1728
1479,1406,1437
1480,1419,1574,1634,1729
1481,1406,1444,1463,1506
1483,1487,1509,1606,1729
1484,1600,1627
1487,1452,1483
1490,1543,1555
1491,1409,1560
1494,1610,1655
1498,1658,1730
1500,1435,1476,1519,1581,1669,1672
1506,1412,1456,1481,1553,1584,1642,1666,1691
1507,1441,1730
1509,1401,1483,1522,1634,1642,1662,1691,1731
1513,1441,1528,1562,1610
1514,1450,1731
1517,1456,1544
1518,1461,1641,1687,1688
1519,1467,1500,1645,1732
1522,1405,1414,1509,1530,1581,1732
1526,1540,1688,1698,1733
1528,1513,1733
1529,1414,1456,1574,1734
1530,1412,1522
1531,1402,1593,1647,1680
1532,1672,1734
1537,1544,1699
1540,1477,1526,1632,1663,1672,1699
1541,1666,1700
1542,1593,1700
1543,1490,1701
1544,1517,1537,1625,1628,1662,1701
1546,1551,1570,1642,1686
1548,1625,1702
1550,1467,1553,1612,1702
1551,1546,1581,1687,1703
1553,1506,1550
1555,1490,1570,1575,1655,1691,1694
1557,1441,1457
1560,1478,1491,1593,1647,1671,1703
1561,1405,1640,1643,1704
1562,1513,1661,1669,1704
1563,1450,1452,1467,1705
1569,1570,1594,1672,1705
1570,1404,1439,1546,1555,1569,1594,1666,1706
1574,1456,1463,1480,1529,1698,1706
1575,1412,1555,1627,1707
1581,1456,1463,1477,1500,1522,1551,1594,1642
1584,1457,1506,1647,1694
1586,1663,1688
1593,1401,1441,1442,1444,1449,1476,1531,1542,1560,1707
1594,1569,1570,1581,1680
1597,1634,1647,1661,1665
1600,1404,1413,1457,1464,1484,1634,1666,1708
1606,1470,1483,1672,1708
1607,1442,1627,1647,1694
1609,1684,1698
1610,1494,1513,1694,1709
1612,1550,1709
1621,1655,1710
1622,1401,1710
1625,1544,1548,1666,1711
1627,1484,1575,1607,1711
1628,1544,1658
1632,1413,1469,1540,1712
1634,1409,1412,1457,1480,1509,1597,1600,1698
1640,1561,1712
1641,1518,1713
1642,1506,1509,1546,1581
1643,1561,1698
1645,1519,1713
1647,1531,1560,1584,1597,1607,1714
1654,1455,1672
1655,1494,1555,1621,1714
1658,1437,1498,1628,1669,1689,1715
1661,1470,1562,1597,1669
1662,1509,1544
1663,1540,1586,1677,1715
1665,1414,1597
1666,1413,1437,1506,1541,1570,1600,1625,1688
1669,1414,1500,1562,1658,1661,1716
1671,1560,1716
1672,1454,1455,1500,1532,1540,1569,1606,1654
1677,1663,1717
1680,1402,1531,1594,1717
1684,1609,1689
1686,1546,1718
1687,1441,1518,1551,1718
1688,1467,1518,1526,1586,1666,1719
1689,1404,1658,1684,1719
1691,1506,1509,1555,1698
1694,1405,1555,1584,1607,1610,1720
1698,1419,1435,1526,1574,1609,1634,1643,1691
1699,1537,1540
1700,1541,1542
1701,1543,1544
1702,1548,1550
1703,1551,1560
1704,1561,1562
1705,1563,1569
1706,1570,1574
1707,1575,1593
1708,1600,1606
1709,1610,1612
1710,1621,1622
1711,1625,1627
1712,1632,1640
1713,1641,1645
1714,1647,1655
1715,1658,1663
1716,1669,1671
1717,1677,1680
1718,1686,1687
1719,1688,1689
1720,1402,1694
1721,1404,1405
1722,1406,1419
1723,1437,1439
1724,1441,1442
1725,1449,1454
1726,1455,1456
1727,1461,1463
1728,1469,1478
1729,1480,1483
1730,1498,1507
1731,1509,1514
1732,1519,1522
1733,1526,1528
1734,1529,1532
2106,2192,2287
2108,2145,2287
2118,2183,2399
2119,2202,2209,2318,2381,2383,2395
2120,2175,2399
2121,2138,2179,2326,2381
2124,2230,2400
2126,2144,2185,2197,2400
2128,2275,2353
2131,2166,2204,2323,2401
2132,2249,2401
2133,2356,2402
2134,2383,2402
2137,2144,2166,2220,2356
2138,2121,2175,2202,2326,2349,2403
2140,2212,2247
2144,2126,2137,2192,2241,2353,2403
2145,2108,2268,2288,2404
2152,2232,2380
2154,2255,2396
2158,2163,2232
2160,2177,2288,2343,2404
2161,2202,2264
2163,2158,2198,2274,2395
2166,2131,2137,2220,2405
2167,2183,2256
2171,2275,2405
2174,2379,2406
2175,2120,2138,2198,2207,2275,2288,2370,2379
2177,2160,2198,2255,2406
2179,2121,2313,2382,2407
2183,2118,2167,2207,2234,2275,2374
2185,2126,2200,2202,2212,2264,2407
2187,2351,2352
2189,2199,2200,2238,2255,2398,2408
2191,2390,2408
2192,2106,2144,2230,2409
2195,2200,2216
2196,2207,2263,2265,2409
2197,2126,2410
2198,2163,2175,2177,2313,2349,2410
2199,2189,2218,2264,2308
2200,2185,2189,2195,2411
2201,2204,2247,2313,2411
2202,2119,2138,2161,2185,2226,2412
2204,2131,2201,2247,2370
2207,2175,2183,2196,2412
2209,2119,2234,2309,2332,2333,2356
2212,2140,2185,2305,2413
2216,2195,2218,2342,2396
2218,2199,2216,2351,2370
2220,2137,2166
2226,2202,2227,2318,2330
2227,2226,2232,2266,2413
2228,2278,2319
2230,2124,2192,2309,2322,2352,2414
2232,2152,2158,2227,2414
2234,2183,2209,2279,2318,2351,2415
2237,2350,2415
2238,2189,2416
2241,2144,2286
2247,2140,2201,2204,2267,2275,2382,2389,2416
2249,2132,2293,2309,2417
2255,2154,2177,2189,2287
2256,2167,2342
2257,2342,2417
2263,2196,2305,2381,2418
2264,2161,2185,2199,2418
2265,2196,2318
2266,2227,2365,2380,2419
2267,2247,2279
2268,2145,2293,2350,2419
2269,2274,2420
2274,2163,2269,2298,2420
2275,2128,2171,2175,2183,2247,2298,2322,2350
2278,2228,2305,2313,2328,2343,2421
2279,2234,2267,2356,2421
2286,2241,2422
2287,2106,2108,2255,2308,2322,2343,2374,2422
2288,2145,2160,2175,2293
2293,2249,2268,2288,2366,2390,2423
2294,2305,2423
2295,2309,2337
2298,2274,2275,2332,2350
2305,2212,2263,2278,2294,2332,2395
2308,2199,2287,2337,2342
2309,2209,2230,2249,2295
2313,2179,2198,2201,2278,2365,2424
2318,2119,2226,2234,2265,2342,2424
2319,2228,2425
2321,2342,2343,2350,2425
2322,2230,2275,2287,2383
2323,2131,2356
2326,2121,2138,2342,2350
2328,2278,2426
2330,2226,2337,2350,2351
2332,2209,2298,2305,2426
2333,2209,2427
2337,2295,2308,2330,2427
2342,2216,2256,2257,2308,2318,2321,2326,2428
2343,2160,2278,2287,2321,2350,2364,2382,2428
2347,2353,2381
2349,2138,2198
2350,2237,2268,2275,2298,2321,2326,2330,2343,2389,2429
2351,2187,2218,2234,2330,2380,2429
2352,2187,2230,2365,2430
2353,2128,2144,2347,2356,2380,2430
2356,2133,2137,2209,2279,2323,2353
2364,2343,2390
2365,2266,2313,2352,2431
2366,2293,2431
2369,2390,2432
2370,2175,2204,2218,2432
2374,2183,2287
2376,2383,2433
2379,2174,2175
2380,2152,2266,2351,2353
2381,2119,2121,2263,2347
2382,2179,2247,2343,2433
2383,2119,2134,2322,2376
2389,2247,2350
2390,2191,2293,2364,2369
2395,2119,2163,2305,2434
2396,2154,2216
2398,2189,2434
2399,2118,2120
2400,2124,2126
2401,2131,2132
2402,2133,2134
2403,2138,2144
2404,2145,2160
2405,2166,2171
2406,2174,2177
2407,2179,2185
2408,2189,2191
2409,2192,2196
2410,2197,2198
2411,2200,2201
2412,2202,2207
2413,2212,2227
2414,2230,2232
2415,2234,2237
2416,2238,2247
2417,2249,2257
2418,2263,2264
2419,2266,2268
2420,2269,2274
2421,2278,2279
2422,2286,2287
2423,2293,2294
2424,2313,2318
2425,2319,2321
2426,2328,2332
2427,2333,2337
2428,2342,2343
2429,2350,2351
2430,2352,2353
2431,2365,2366
2432,2369,2370
2433,2376,2382
2434,2395,2398
2800,2819,2869,2928,3105
2802,2825,2998
2804,2878,3105
2808,2878,2964
2811,2823,2980,3054,3064
2812,2826,2994,3005,3106
2813,2822,2844,2892,2925,2954,3087
2816,2837,2925,3027,3067
2817,2855,2954,3042,3106
2819,2800,2930,2951,2998
2822,2813,3056
2823,2811,3107
2824,2888,2969,3027,3091
2825,2802,2959,3013,3057,3094,3107
2826,2812,2930,2981,3108
2827,2867,3070,3092,3108
2830,2967,3109
2833,2857,2885,2892,3109
2837,2816,2979,2980,3082
2838,2894,2967
2844,2813,2887,2960,2994
2853,2861,3000
2855,2817,2986
2857,2833,2944,2948,2971,2986,3014
2861,2853,3110
2862,2951,2974,3056,3110
2863,3054,3070,3092,3111
2864,2929,3046,3094,3111
2866,2891,3035,3082,3112
2867,2827,2967,3057,3112
2869,2800,2872,2879,2888,2891,3014,3036,3113
2872,2869,2891,2896,2948,2967,2982
2874,2894,2948,3042,3052
2877,2888,2930,2985,3113
2878,2804,2808,3020,3021,3070,3099
2879,2869,2931,2967,3114
2885,2833,3035,3099,3114
2887,2844,2985,2995,3054
2888,2824,2869,2877,2924,2996,3042,3064,3115
2891,2866,2869,2872,3024,3067,3115
2892,2813,2833,2954,3116
2894,2838,2874,2964,3049
2896,2872,2967,2995,3021,3094,3116
2897,3049,3117
2901,2928,2983,2994,3088
2904,2906,2967,2971,2983,3000,3117
2906,2904,2925,2944,3000,3012,3076
2908,2962,3015,3070,3085
2911,2931,2974
2924,2888,2974,3082,3118
2925,2813,2816,2906,3087
2928,2800,2901,2994,3019,3065,3076
2929,2864,2979
2930,2819,2826,2877,2962
2931,2879,2911,2979,3118
2935,3057,3079
2937,2981,3000,3049,3070,3079,3119
2938,2959,3076
2944,2857,2906,3090,3119
2948,2857,2872,2874,3120
2949,2954,2964
2951,2819,2862,3000,3046,3064,3093
2954,2813,2817,2892,2949
2959,2825,2938
2960,2844,3065
2962,2908,2930,3042,3120
2964,2808,2894,2949,3121
2967,2830,2838,2867,2872,2879,2896,2904,3004
2969,2824,2985
2971,2857,2904
2974,2862,2911,2924,2982,3074,3121
2975,2985,3122
2979,2837,2929,2931,3122
2980,2811,2837
2981,2826,2937
2982,2872,2974
2983,2901,2904,3092,3123
2985,2877,2887,2969,2975
2986,2855,2857,3036,3123
2992,2996,3124
2994,2812,2844,2901,2928,3020,3074
2995,2887,2896,3004,3124
2996,2888,2992,3098,3125
2998,2802,2819,3000,3125
3000,2853,2904,2906,2937,2951,2998,3024,3064
3004,2967,2995,3070,3126
3005,2812,3067
3012,2906,3126
3013,2825,3024,3070,3127
3014,2857,2869
3015,2908,3127
3019,2928,3021
3020,2878,2994
3021,2878,2896,3019,3128
3024,2891,3000,3013,3128
3027,2816,2824
3035,2866,2885,3068,3087
3036,2869,2986,3073,3129
3042,2817,2874,2888,2962,3074,3129
3046,2864,2951
3049,2894,2897,2937,3130
3052,2874,3130
3054,2811,2863,2887,3131
3056,2822,2862,3085,3131
3057,2825,2867,2935,3064
3064,2811,2888,2951,3000,3057,3076
3065,2928,2960
3067,2816,2891,3005,3074
3068,3035,3132
3070,2827,2863,2878,2908,2937,3004,3013,3132
3073,3036,3100
3074,2974,2994,3042,3067
3076,2906,2928,2938,3064
3079,2935,2937
3082,2837,2866,2924,3100
3085,2908,3056
3087,2813,2925,3035,3101
3088,2901,3099
3090,2944,3101
3091,2824,3102
3092,2827,2863,2983,3102
3093,2951,3103
3094,2825,2864,2896,3103
3098,2996,3104
3099,2878,2885,3088,3104
3100,3073,3082
3101,3087,3090
3102,3091,3092
3103,3093,3094
3104,3098,3099
3105,2800,2804
3106,2812,2817
3107,2823,2825
3108,2826,2827
3109,2830,2833
3110,2861,2862
3111,2863,2864
3112,2866,2867
3113,2869,2877
3114,2879,2885
3115,2888,2891
3116,2892,2896
3117,2897,2904
3118,2924,2931
3119,2937,2944
3120,2948,2962
3121,2964,2974
3122,2975,2979
3123,2983,2986
3124,2992,2995
3125,2996,2998
3126,3004,3012
3127,3013,3015
3128,3021,3024
3129,3036,3042
3130,3049,3052
3131,3054,3056
3132,3068,3070
3500,3612,3653,3760
3501,3650,3673,3706
3507,3582,3660,3711,3786,3792
3511,3607,3613,3654
3512,3590
3514,3515,3530,3708
3515,3514,3615
3519,3618,3695,3699,3714,3736
3521,3546,3714,3785
3522,3546
3525,3529,3655,3667
3528,3623
3529,3525,3790
3530,3514,3552,3660,3674,3729
3531,3706
3533,3594,3610,3630,3710,3748
3535,3622,3641,3703,3710,3714,3750
3536,3785
3537,3675,3724,3758
3543,3545,3610,3653
3545,3543,3611,3673,3794
3546,3521,3522,3607,3660,3792
3549,3608,3646,3663,3713,3720,3766
3552,3530,3553,3604,3615,3771,3785
3553,3552,3587,3641,3653,3660,3790
3556,3695
3557,3559,3706,3740,3787
3558,3563,3615
3559,3557,3754,3782
3563,3558
3576,3696,3751
3577,3683,3750,3760,3775
3579,3599,3637,3792
3582,3507,3744,3751,3760,3788
3587,3553,3692
3589,3711,3775
3590,3512,3653,3775,3792
3591,3713
3592,3599
3593,3626,3724,3758
3594,3533,3623,3661
3597,3632,3771,3775
3599,3579,3592,3604,3655
3600,3718
3601,3745
3602,3718,3758
3604,3552,3599,3612,3636,3646
3607,3511,3546,3661,3768
3608,3549,3615,3650,3673
3610,3533,3543,3616,3661
3611,3545
3612,3500,3604,3673,3695
3613,3511,3745
3615,3515,3552,3558,3608,3616,3692
3616,3610,3615,3623,3785
3618,3519,3622,3657,3749
3622,3535,3618,3724,3760
3623,3528,3594,3616,3639,3654,3667,3713
3625,3641,3719,3761
3626,3593,3636
3630,3533,3761,3782
3632,3597,3641
3636,3604,3626,3740
3637,3579,3744,3790
3639,3623,3788
3641,3535,3553,3625,3632,3699
3646,3549,3604,3667,3675,3736,3738
3650,3501,3608,3652
3652,3650,3692,3720
3653,3500,3543,3553,3590,3710,3729,3745
3654,3511,3623,3710
3655,3525,3599,3761
3657,3618
3660,3507,3530,3546,3553
3661,3594,3607,3610,3768
3663,3549,3692,3787
3667,3525,3623,3646,3710,3713
3673,3501,3545,3608,3612,3713
3674,3530,3740
3675,3537,3646,3703,3740
3683,3577,3738
3685,3720
3692,3587,3615,3652,3663
3695,3519,3556,3612,3792
3696,3576,3713,3787
3699,3519,3641
3702,3703
3703,3535,3675,3702,3785
3706,3501,3531,3557
3708,3514
3710,3533,3535,3653,3654,3667,3714
3711,3507,3589
3713,3549,3591,3623,3667,3673,3696,3719
3714,3519,3521,3535,3710
3718,3600,3602,3785
3719,3625,3713
3720,3549,3652,3685,3758
3724,3537,3593,3622
3725,3751
3729,3530,3653
3736,3519,3646
3738,3646,3683
3740,3557,3636,3674,3675
3744,3582,3637,3766
3745,3601,3613,3653,3782
3748,3533,3758
3749,3618
3750,3535,3577
3751,3576,3582,3725
3754,3559
3758,3537,3593,3602,3720,3748
3760,3500,3577,3582,3622
3761,3625,3630,3655,3785
3766,3549,3744,3788
3768,3607,3661
3771,3552,3597
3775,3577,3589,3590,3597
3782,3559,3630,3745
3785,3521,3536,3552,3616,3703,3718,3761
3786,3507
3787,3557,3663,3696
3788,3582,3639,3766
3790,3529,3553,3637
3792,3507,3546,3579,3590,3695,3794
3794,3545,3792
4200,4253,4271,4286,4311,4343,4355,4365,4374,4492
4203,4230,4302,4399,4445
4208,4289,4347,4355,4395,4440,4481
4209,4211,4260,4311
4211,4209,4320,4371,4386,4455,4481
4214,4271,4311,4315,4351
4215,4355,4389,4474,4479
4216,4242,4257,4323
4222,4343,4358,4459
4224,4251,4432,4483
4226,4352
4228,4301,4389,4403,4437
4230,4203,4259,4418,4493
4233,4239,4257,4307
4234,4290,4436
4236,4302
4239,4233,4256,4330
4242,4216,4270,4373,4392,4459,4460
4244,4253,4358,4371
4245,4327,4350,4418,4425,4434,4461
4248,4301,4320
4251,4224,4474
4252,4460
4253,4200,4244,4437
4256,4239,4389,4459
4257,4216,4233,4365
4259,4230,4299
4260,4209,4395,4415,4469
4262,4340
4264,4474
4269,4334,4361
4270,4242,4291,4302,4393
4271,4200,4214
4272,4352,4358,4373,4414
4279,4314,4320,4374
4286,4200
4289,4208,4311,4366,4418,4423
4290,4234,4340,4432,4460
4291,4270
4294,4316,4358,4470
4299,4259,4371,4441
4301,4228,4248,4347
4302,4203,4236,4270,4358,4393
4307,4233,4351,4381,4386,4440
4309,4322,4323,4351,4395,4397
4311,4200,4209,4214,4289,4415,4440
4312,4423,4479
4314,4279,4373,4476,4493
4315,4214,4355
4316,4294,4374,4399,4492
4317,4397,4466
4320,4211,4248,4279,4414
4322,4309,4351
4323,4216,4309,4340,4390
4327,4245,4437
4330,4239
4334,4269,4352
4340,4262,4290,4323
4343,4200,4222,4428
4345,4373,4424,4485
4347,4208,4301,4374,4391
4350,4245,4386
4351,4214,4307,4309,4322,4390,4444
4352,4226,4272,4334,4358,4470
4355,4200,4208,4215,4315,4360,4474,4489
4358,4222,4244,4272,4294,4302,4352,4469
4360,4355
4361,4269,4415,4420,4432,4492
4365,4200,4257
4366,4289,4372,4414,4476,4492
4371,4211,4244,4299,4423
4372,4366
4373,4242,4272,4314,4345,4386
4374,4200,4279,4316,4347,4476
4377,4389
4381,4307,4470
4386,4211,4307,4350,4373
4389,4215,4228,4256,4377
4390,4323,4351,4470
4391,4347,4420
4392,4242,4403,4432
4393,4270,4302,4397,4449
4395,4208,4260,4309
4397,4309,4317,4393
4399,4203,4316
4403,4228,4392,4479
4409,4432,4469
4410,4432
4414,4272,4320,4366,4492
4415,4260,4311,4361,4434,4455
4418,4230,4245,4289,4436
4420,4361,4391,4483
4421,4441
4422,4479
4423,4289,4312,4371
4424,4345,4427
4425,4245
4427,4424,4481
4428,4343
4432,4224,4290,4361,4392,4409,4410
4434,4245,4415
4436,4234,4418
4437,4228,4253,4327,4476
4440,4208,4307,4311
4441,4299,4421,4461,4493
4444,4351
4445,4203
4449,4393,4469
4454,4460,4476
4455,4211,4415
4459,4222,4242,4256
4460,4242,4252,4290,4454
4461,4245,4441
4466,4317,4479
4469,4260,4358,4409,4449
4470,4294,4352,4381,4390,4489
4474,4215,4251,4264,4355
4476,4314,4366,4374,4437,4454
4479,4215,4312,4403,4422,4466
4481,4208,4211,4427
4483,4224,4420
4485,4345,4489
4489,4355,4470,4485
4492,4200,4316,4361,4366,4414
4493,4230,4314,4441
4902,5009,5124,5134
4903,4937,4953,5073
4904,5078
4907,5123
4912,4973,5079,5124
4915,4940,4951,4969,5058
4916,5022
4918,5097,5186
4922,4925,5123
4925,4922,4945,4951
4929,5195
4930,5130,5135,5175
4932,5020,5109
4937,4903,4988,5016,5035
4940,4915,4958,5015,5108,5157
4943,5011,5017,5030,5112,5134,5172
4945,4925,4984,4985,5126
4947,4952,5062
4951,4915,4925,5104
4952,4947,4986,5019,5073
4953,4903
4956,5084
4957,5039,5096,5195
4958,4940,4978,5015,5048
4959,5062,5096,5145
4964,5096,5104
4969,4915,5016,5062,5090,5149
4973,4912,4985,5058,5123,5184
4974,4992,5022,5066
4978,4958,5019,5059,5123
4984,4945,5111,5193
4985,4945,4973,4988,5019,5030,5059,5116,5190
4986,4952,5002,5057,5132
4987,5175
4988,4937,4985,5054
4990,4992,5019,5022
4992,4974,4990,5035,5084,5152
4999,5010,5088,5089,5126
5002,4986,5059
5009,4902,5116,5145,5166
5010,4999,5064,5135
5011,4943,5022,5036,5098,5174
5015,4940,4958,5074
5016,4937,4969,5078
5017,4943,5050,5152
5018,5039,5077,5175,5193
5019,4952,4978,4985,4990,5098,5131,5194
5020,4932,5023,5079
5021,5042,5195
5022,4916,4974,4990,5011
5023,5020,5038,5104,5135
5030,4943,4985,5097,5103,5157
5031,5048,5078,5126,5139
5035,4937,4992,5040
5036,5011,5058,5090
5038,5023
5039,4957,5018,5048,5088,5186
5040,5035,5084
5042,5021,5070
5044,5095,5137,5145
5048,4958,5031,5039,5059,5112,5190
5050,5017,5157
5054,4988,5126,5149,5190
5057,4986
5058,4915,4973,5036,5064
5059,4978,4985,5002,5048,5167,5175
5060,5136
5062,4947,4959,4969,5104,5168
5064,5010,5058,5109
5066,4974,5145,5172
5070,5042,5174
5073,4903,4952,5123
5074,5015,5113,5195
5077,5018,5136,5149
5078,4904,5016,5031,5154
5079,4912,5020
5084,4956,4992,5040,5103,5174
5088,4999,5039,5089,5104,5154,5166
5089,4999,5088
5090,4969,5036
5092,5126
5095,5044
5096,4957,4959,4964
5097,4918,5030,5135
5098,5011,5019,5109
5102,5135
5103,5030,5084
5104,4951,4964,5023,5062,5088
5108,4940,5132
5109,4932,5064,5098,5113,5195
5111,4984,5181
5112,4943,5048,5166
5113,5074,5109
5116,4985,5009,5145,5172,5195
5123,4907,4922,4973,4978,5073,5135,5138
5124,4902,4912
5126,4945,4999,5031,5054,5092,5145
5130,4930
5131,5019
5132,4986,5108,5136
5134,4902,4943,5190
5135,4930,5010,5023,5097,5102,5123,5143,5166,5167,5195
5136,5060,5077,5132,5175
5137,5044
5138,5123,5181
5139,5031
5143,5135,5184
5145,4959,5009,5044,5066,5116,5126
5149,4969,5054,5077
5152,4992,5017
5154,5078,5088
5157,4940,5030,5050
5166,5009,5088,5112,5135
5167,5059,5135,5181
5168,5062
5172,4943,5066,5116
5174,5011,5070,5084
5175,4930,4987,5018,5059,5136
5181,5111,5138,5167
5184,4973,5143
5186,4918,5039
5190,4985,5048,5054,5134
5193,4984,5018
5194,5019
5195,4929,4957,5021,5074,5109,5116,5135
5601,5704
5604,5733,5808
5605,5658,5747,5837,5858
5611,5705,5836
5613,5667,5759,5781
5614,5689,5694,5870
5617,5899
5619,5640,5646,5674,5704,5762
5620,5770,5843
5625,5722,5784,5826,5870
5628,5663,5691,5779,5805
5629,5701,5856,5892
5630,5669,5685,5697
5634,5786,5794,5853
5640,5619,5676,5691
5643,5829,5880
5645,5733,5771,5856
5646,5619,5775,5845,5870
5650,5695,5768,5786
5652,5665,5733,5759,5822,5853,5867
5656,5667,5669
5658,5605,5770,5771,5880
5662,5809
5663,5628,5667,5717,5824
5664,5686,5755,5785,5795
5665,5652,5702,5717,5747,5749,5841,5867
5666,5763,5857,5899
5667,5613,5656,5663,5669,5899
5669,5630,5656,5667,5686,5705,5733,5790,5870
5670,5744,5770,5792,5795,5810,5836
5671,5691,5808
5674,5619,5701
5676,5640,5759,5787,5854,5857,5893
5681,5887
5682,5691,5728,5749,5867
5685,5630,5770
5686,5664,5669,5892
5689,5614
5691,5628,5640,5671,5682,5715,5733,5739,5841
5692,5768,5841
5694,5614,5756,5759
5695,5650,5719,5755,5761,5836,5853,5857
5697,5630
5700,5771
5701,5629,5674
5702,5665,5822,5857
5704,5601,5619,5779,5784,5805,5864
5705,5611,5669,5796
5709,5754,5836,5842,5876
5710,5770,5808,5846
5715,5691,5795,5808,5824,5864
5717,5663,5665
5719,5695,5756,5829
5721,5894
5722,5625
5726,5775
5728,5682,5786,5794,5805,5859
5733,5604,5645,5652,5669,5691,5774,5809
5739,5691
5744,5670
5747,5605,5665,5779,5809,5894,5899
5749,5665,5682,5795
5754,5709
5755,5664,5695
5756,5694,5719,5856
5759,5613,5652,5676,5694,5796
5760,5810
5761,5695
5762,5619,5787,5843
5763,5666
5768,5650,5692,5808
5770,5620,5658,5670,5685,5710,5876
5771,5645,5658,5700,5849
5774,5733
5775,5646,5726,5837
5779,5628,5704,5747
5781,5613,5822
5784,5625,5704
5785,5664,5790
5786,5634,5650,5728
5787,5676,5762,5853
5790,5669,5785
5792,5670,5816,5822,5867
5794,5634,5728,5849
5795,5664,5670,5715,5749,5893
5796,5705,5759
5801,5836,5887
5805,5628,5704,5728,5843,5856
5807,5853
5808,5604,5671,5710,5715,5768,5824
5809,5662,5733,5747
5810,5670,5760
5816,5792
5817,5826
5822,5652,5702,5781,5792,5894
5824,5663,5715,5808,5826,5864,5870
5826,5625,5817,5824,5858,5894
5829,5643,5719,5842
5836,5611,5670,5695,5709,5801
5837,5605,5775
5841,5665,5691,5692,5863
5842,5709,5829,5843
5843,5620,5762,5805,5842
5845,5646,5896
5846,5710,5894,5899
5849,5771,5794
5853,5634,5652,5695,5787,5807,5863
5854,5676,5887
5856,5629,5645,5756,5805,5858,5870
5857,5666,5676,5695,5702
5858,5605,5826,5856
5859,5728
5863,5841,5853,5873
5864,5704,5715,5824
5867,5652,5665,5682,5792
5870,5614,5625,5646,5669,5824,5856
5873,5863
5876,5709,5770
5880,5643,5658,5893
5887,5681,5801,5854
5892,5629,5686
5893,5676,5795,5880
5894,5721,5747,5822,5826,5846
5896,5845
5899,5617,5666,5667,5747,5846
6300,6305,6420,6444,6530
6305,6300,6376,6492
6307,6374,6379
6308,6342,6376,6442,6478
6312,6331,6452,6457,6534
6313,6343,6551
6314,6333,6347,6415,6565
6315,6520
6317,6374,6468,6478
6326,6421,6428,6442
6327,6344,6496,6500,6540,6568
6328,6552
6330,6417,6479
6331,6312,6375,6496,6554
6333,6314,6374,6436,6540
6336,6540,6584,6590
6337,6387,6397
6342,6308,6415,6470,6534
6343,6313,6568,6577
6344,6327,6440
6347,6314,6376,6472
6352,6380,6389,6408
6354,6375,6420,6554,6566
6359,6486,6545
6363,6540,6560
6365,6476
6367,6417,6457,6486,6502
6368,6566
6372,6387,6411,6515
6374,6307,6317,6333,6387,6457,6465,6494,6566
6375,6331,6354
6376,6305,6308,6347,6515,6536
6377,6461,6534,6580
6378,6383,6463,6527,6551,6566
6379,6307,6457
6380,6352,6491,6585
6381,6468,6496,6502
6382,6383,6421,6566
6383,6378,6382,6440,6567
6387,6337,6372,6374,6434,6473
6388,6421,6504
6389,6352,6408,6421
6394,6442,6536,6587
6397,6337,6534
6399,6402,6415,6540,6565
6402,6399,6442,6536
6405,6552,6584
6408,6352,6389,6530
6409,6461,6462,6504
6411,6372
6414,6576
6415,6314,6342,6399
6417,6330,6367,6566
6420,6300,6354,6492
6421,6326,6382,6388,6389
6423,6435,6476,6491,6500
6427,6486,6515
6428,6326,6463,6473,6587
6434,6387,6476,6539
6435,6423,6465,6545
6436,6333
6440,6344,6383,6555
6442,6308,6326,6394,6402
6443,6463,6515
6444,6300,6492,6502,6552
6452,6312,6555
6453,6504,6527
6457,6312,6367,6374,6379,6504,6515,6527,6555
6461,6377,6409,6494
6462,6409,6527,6554
6463,6378,6428,6443
6465,6374,6435,6584
6468,6317,6381,6472
6470,6342
6472,6347,6468
6473,6387,6428
6476,6365,6423,6434,6576,6577
6478,6308,6317,6540
6479,6330,6504,6527,6534,6565
6482,6530
6486,6359,6367,6427,6530,6565
6490,6502
6491,6380,6423,6526,6572
6492,6305,6420,6444
6493,6552,6556
6494,6374,6461
6496,6327,6331,6381,6515
6499,6525
6500,6327,6423,6590
6502,6367,6381,6444,6490,6576
6504,6388,6409,6453,6457,6479,6580
6515,6372,6376,6427,6443,6457,6496
6516,6587
6518,6585
6520,6315,6534,6590
6525,6499,6576,6590
6526,6491,6560
6527,6378,6453,6457,6462,6479
6530,6300,6408,6482,6486,6587
6534,6312,6342,6377,6397,6479,6520,6536,6538
6536,6376,6394,6402,6534,6552,6585
6538,6534,6552
6539,6434,6565
6540,6327,6333,6336,6363,6399,6478,6576
6545,6359,6435
6548,6590
6551,6313,6378
6552,6328,6405,6444,6493,6536,6538
6554,6331,6354,6462
6555,6440,6452,6457,6580
6556,6493
6560,6363,6526
6565,6314,6399,6479,6486,6539
6566,6354,6368,6374,6378,6382,6417,6576
6567,6383,6576
6568,6327,6343,6587
6572,6491
6576,6414,6476,6502,6525,6540,6566,6567,6581
6577,6343,6476
6580,6377,6504,6555
6581,6576
6584,6336,6405,6465
6585,6380,6518,6536
6587,6394,6428,6516,6530,6568
6590,6336,6500,6520,6525,6548

The number of connected components of the graph is 10.
1, 159, 267 
700, 162, 273 
1401, 161, 271 
2106, 161, 271 
2800, 158, 265 
3500, 125, 199 
4200, 125, 199 
4902, 125, 199 
5601, 125, 199 
6300, 125, 199 
