1195
8814
4157
5028
5593
8363
63
9247
7798
6176
4294
5014
2135
3952
2946
9728
503
5320
6821
8916
4276
7165
9244
5956
9382
8897
4726
4014
2280
7047
5329
9794
6477
9204
5436
7477
2199
3429
367
5041
8819
2668
5310
1156
6699
2340
7418
9365
6888
2399
3741
4976
1618
5801
1108
9556
6918
5063
7892
5277
1475
6924
7195
9244
8555
712
4779
2192
5014
4561
1842
1
8558
2059
2905
9097
3962
4362
1480
7581
6261
9762
6216
1189
2491
2489
3755
9583
976
6684
8536
6090
3244
9824
2796
5687
2505
966
7383
3499
6142
7056
3281
3734
5298
1809
5921
6338
397
5132
6475
551
5670
1798
2942
4607
7042
9255
5012
7482
8930
9568
287
8257
4576
4600
5374
4107
840
8084
299
937
4256
409
7552
6694
7418
4340
1250
8930
6711
6496
6197
7373
9809
9421
7343
2501
3025
583
4688
6886
6758
4610
5335
745
6760
6911
6648
4644
4736
4990
2748
5323
6772
6097
3461
6903
2692
5367
6621
3556
1880
5812
4342
8797
3180
1182
9700
7578
9913
8513
4736
3435
8001
3838
3847
4608
2489
2384
7833
348
5545
7327
3119
4723
6437
3606
1399
2179
1050
7493
5349
556
3366
641
2216
6113
4548
2102
614
9999
204
9553
5022
6631
4677
9829
7139
9924
4763
2151
812
8186
4160
5612
1880
839
9101
994
1580
9689
7185
9348
2884
1898
9731
7184
3622
2840
8870
5621
3563
4672
1045
6292
954
713
1746
9674
810
3540
272
8977
804
6684
7482
2090
7748
9263
6043
4686
2200
4590
4855
9316
7586
2752
3305
4613
925
1920
9830
5450
924
5055
7266
8046
2392
2198
4062
459
7751
3633
2080
6651
9425
2144
8893
9731
3549
3990
9923
286
3204
8866
8964
7140
6263
6838
4767
6584
6718
8974
9050
9508
551
584
7067
6288
8273
566
3197
4184
81
8979
2616
9541
445
8010
3011
5683
3203
2899
8374
3793
5195
2104
2359
9585
2084
7156
2683
397
6227
2966
8134
8894
9410
190
8651
2141
9650
6974
9781
2736
3168
8034
6091
6000
2926
755
7077
7420
680
465
9883
6654
99
3171
4275
7172
8468
3278
7137
1627
8697
8941
8338
5516
9185
1864
4991
979
4651
8633
3297
841
7356
4223
6565
6016
9882
5002
713
6717
8528
4406
8604
7910
9451
3419
4902
7240
1222
8292
9097
3622
3766
2858
9184
3865
2100
5486
9818
1783
8969
8184
4285
7403
719
4970
4353
859
295
4374
978
5784
2762
5014
9215
1455
1847
2949
7545
9231
7974
4216
354
4228
8380
4984
3812
785
3852
6849
3356
508
2115
2162
4525
8304
822
8652
8070
4871
8395
8794
9737
673
2399
149
3852
8876
5391
4474
2995
3649
248
4374
7232
5732
827
8156
9756
5050
152
1215
1883
7132
9292
741
7729
4377
873
3366
663
6462
8150
3102
4843
2655
8146
9057
2288
2325
5465
2445
8978
8040
8756
1223
4037
6359
2665
486
2569
537
9819
2041
9837
1952
7089
3791
3218
8113
8520
55
1842
7899
8487
8906
1594
7758
5879
8031
4554
8784
9504
5782
6113
2297
3875
6948
6016
1647
5169
207
1349
8644
1313
2165
4278
3657
3255
2716
8747
7329
347
6059
6421
200
6088
3690
5
5964
259
8193
6179
4467
4344
9248
9789
2696
2778
4073
7266
8169
2841
4241
5753
4417
4792
594
3930
3929
4290
4153
1858
3351
7193
3045
8753
768
9238
2243
8589
4338
2983
7860
3247
1447
6932
3097
9732
6350
3249
7789
4923
4229
7502
7614
6134
3515
547
6135
7315
9653
776
6126
5641
4060
7495
4425
9839
2286
3376
3237
5503
1003
7787
3130
248
4099
9557
3661
126
395
2285
912
2098
7535
8011
3332
876
8351
6598
9619
7155
5907
6900
4837
1807
6415
1053
9285
2227
828
7468
7187
5954
7024
7274
3230
464
4426
7665
7637
4679
16
2478
1437
3775
2400
3921
1986
3004
3530
5701
8158
9048
2326
2334
78
8289
9331
2888
8312
6469
7423
2423
7813
5112
4871
4999
1911
1492
6939
5479
4350
3879
4210
6433
9088
67
7443
7638
2253
2031
7472
9045
6193
1080
907
4500
1907
2770
8861
8469
2794
27
4428
7296
1171
2522
6098
3547
3866
9263
5523
6039
8653
2855
5858
2944
551
4404
8673
9373
3729
5335
6900
2608
2060
4367
7850
1355
3142
2245
9492
7136
5588
7034
7770
6011
9066
308
5331
8789
4169
8260
5233
7334
8534
717
5562
1856
5240
6035
3309
8831
5042
6450
1841
2421
9374
3463
1635
4764
2413
3920
6901
8777
4784
7012
6204
3394
4953
8930
5716
4589
340
4807
2299
2796
6122
1947
4373
5607
9355
5171
3200
2940
1945
6255
3380
7639
7796
4884
7663
3638
5700
1999
7155
1838
2751
3807
5397
8864
9935
311
8903
4416
671
6462
6713
8032
5990
8841
2576
6766
4086
6561
5746
6656
4646
8915
5204
4300
5969
8136
7601
7413
1455
8425
5190
3149
9531
8339
5468
9596
5203
206
4684
5601
3021
2131
2401
6613
5437
3961
2135
6690
1105
5811
4881
6687
7361
6956
6135
3482
2898
473
6804
8998
8860
1561
9090
3438
4534
1841
4013
9053
1833
9318
3961
3819
9418
1818
2876
5226
4044
8970
8301
9767
1294
6888
9756
9025
1489
1156
988
6262
807
6186
160
4629
8225
1977
9226
4043
6852
1887
1749
440
9519
3237
6910
7942
8827
4952
9323
6908
7404
8315
2606
4123
6099
1933
2732
6437
2636
4855
4776
2890
6601
3572
8151
1815
8485
9538
5156
5144
2879
8215
3436
514
8706
776
4451
6906
3549
8781
6116
1395
666
9503
1406
7556
3399
2646
5367
7392
9989
3745
1164
5231
7968
1309
644
5305
4216
1329
631
7022
6397
4562
325
1322
7971
6589
7769
4115
6399
8441
7824
4087
5146
1049
8681
3960
7134
5838
8202
1878
6078
1609
8238
4391
4735
5062
4262
8407
1166
1572
191
7585
6756
6413
4134
767
4948
7324
8863
787
3725
5282
7677
1988
1244
116
5335
876
1489
1284
6107
2927
5728
8803
2415
5945
5560
3332
1341
6100
5084
639
559
1173
4088
6304
5137
357
3108
8249
1810
2769
1238
4930
6072
2911
1537
4445
986
1293
2133
1036
4585
3395
2391
4765
8241
1490
1751
9019
8604
5338
3042
5269
4872
5751
4195
3535
8337
2892
456
7798
9667
2977
8526
9212
1615
1393
1259
1117
8032
3599
4612
9031
4987
3332
2679
9290
9481
7168
9831
7865
9857
8602
2273
28
2704
7911
7055
2890
7014
32
3782
4905
8687
8715
3131
6532
5678
2877
8844
985
5774
7017
3980
5885
2290
5460
2447
38
1314
6163
2881
1301
5073
4668
8037
9939
3225
6884
600
1749
9728
6579
6688
4816
1058
4866
7152
6081
1026
7405
3833
5812
189
3744
1330
3014
6148
9242
1505
1677
6303
5134
9246
5743
2134
2684
1831
1315
5645
4777
3211
8581
7079
6748
1459
7130
3848
8113
1529
8636
1745
5923
7466
4588
4701
6726
6659
4624
4634
6098
9827
4334
2125
3076
6674
7215
509
2920
2461
8608
8463
5231
2945
8322
5683
2393
1995
7939
3710
5232
8435
3304
3154
3118
7659
1485
4684
6192
5122
5141
6534
5317
738
9354
4438
7830
2961
4274
2889
8332
4733
2807
7897
5307
8165
935
8306
8654
5250
5385
6832
5036
8965
2701
4705
1566
9163
9763
6964
2223
6038
6347
3699
5466
9535
3365
5995
9576
7429
8946
3884
6115
8845
5831
9478
9788
2376
802
6724
7314
3925
9274
9320
9164
7959
746
3116
8302
9873
4080
2967
3389
9121
6338
6780
8964
3909
2726
753
5992
1393
8052
4509
3032
6110
5200
1865
3300
9695
8444
4722
4247
8925
6852
2198
3888
8069
1717
1575
198
1079
7457
248
1670
6357
1609
4860
3131
4598
3412
7783
3815
541
824
6947
7951
5925
1
3722
4200
585
4417
7983
2336
2095
986
5484
9406
3185
2657
1611
8956
3492
326
1421
5259
8749
2861
540
9904
8783
9180
9383
6787
2268
2124
9320
245
4179
9071
5558
9818
3396
1067
8268
5610
889
1415
7859
4987
3319
3614
4399
6122
3537
154
6428
6199
3131
6802
6684
5031
9475
3611
598
5993
643
1009
1231
8858
3946
2358
9072
1663
7352
6183
913
8209
8449
588
7214
7262
3329
4339
8754
4109
5784
8897
8528
6247
1934
2236
7616
828
3695
1576
5854
6468
4017
423
4471
4875
3659
6280
2942
1302
450
5962
2290
5590
5521
2052
9460
7044
245
5610
8029
5486
6908
4461
7086
50
9249
778
9241
5116
3101
5482
439
1203
3462
251
4674
3552
8118
4326
2876
4967
4740
4805
5209
4545
6297
6317
5126
6600
5760
4293
4340
4059
314
3594
236
4224
925
5048
4706
4326
128
629
911
501
3600
4240
3907
3724
6201
8165
1969
3744
2373
2204
848
1645
9848
3677
3115
23
6719
2570
1903
8200
5544
774
1520
5932
5586
5906
5131
9269
202
8505
8131
1061
5906
1966
6440
8274
8579
7818
4602
2715
1706
3404
60
5915
5771
2694
6123
2549
3781
1214
510
8311
7875
1493
4511
9838
4671
2157
3564
625
9723
5121
8415
572
9745
3807
228
1607
9950
8175
2765
8160
4277
5072
844
3049
1462
6872
1014
7001
6322
4368
3753
3247
5040
1094
159
9915
7890
7621
6422
3497
3452
7562
3301
416
1519
5636
915
1991
1104
4015
4034
5090
245
7171
9657
3497
6746
4471
1839
5439
499
1422
4311
8801
3650
8029
6955
1131
1712
8793
1639
8261
9650
103
4684
8108
2764
2287
2019
6052
6488
3378
7393
2105
3852
6230
3662
4937
2538
716
7067
7357
2867
4838
9154
9024
9540
4089
7263
4819
2762
9587
6157
544
5279
5433
562
1775
1723
1754
281
4072
5064
6828
6637
6685
5915
4940
5943
502
9209
5347
5012
3002
9265
45
2765
8188
3296
9506
8867
8829
5870
4100
7701
8163
2513
9490
6748
3731
8311
1405
6877
7762
2996
6429
3663
5584
8702
3986
2686
5971
7441
9368
1718
340
220
5505
1665
8518
4311
7840
7113
2260
6054
5923
9661
4511
7167
6563
996
1415
3741
9305
3396
7133
1759
9778
53
8803
6532
2178
9956
9934
4473
1280
1523
5293
6103
721
8367
8212
2627
7540
4148
7659
4912
6467
308
1420
8332
9575
6384
3783
8715
2741
1277
4707
5731
7248
7584
7481
3511
3937
873
9507
88
8200
7253
9379
1291
2166
8422
3729
3465
8491
7854
4529
5309
9863
8148
7487
9098
7036
5296
9426
2006
8925
9959
8952
7617
5268
3046
2464
4949
9225
3306
6953
947
4565
3809
8940
8598
3963
525
3768
2124
3333
6334
5535
2939
9409
1494
6311
7707
3991
1334
953
1635
9556
5307
6618
8185
2154
7515
7593
1041
3592
1323
5260
5551
3007
6234
6758
2491
2415
8113
9962
964
6277
544
8652
5435
8056
2448
9104
3840
276
9435
4462
876
7618
1013
8049
4166
6956
4505
3503
6311
6882
788
833
906
8959
1840
9133
9967
8849
7702
3263
7782
110
7428
8038
2329
5343
3589
4746
60
6849
503
8160
9837
9995
5354
6010
1985
9293
7876
6393
5119
8313
9739
114
5669
154
6025
1743
4046
9731
1710
1034
9575
9421
2592
8822
9531
2834
3262
5129
9730
7664
7244
3123
807
5821
6789
7340
1271
1943
6574
2717
2921
3948
1410
1930
7072
9656
1461
1417
8631
8045
3721
6679
9630
9593
4224
7915
5300
2146
6276
8711
1406
3188
3058
1168
2829
2830
2098
6843
3253
6867
5595
7768
7406
2044
5234
871
2111
3034
4657
5450
7288
9730
6412
3684
9292
6180
1814
5694
1278
6036
9709
3918
2817
8801
8485
4773
432
8361
2445
3834
8812
534
1609
8555
7716
8879
2266
7412
8650
72
3961
3133
9067
6786
3124
7120
5606
7569
8336
2476
4247
6837
4408
8386
4094
1597
202
4769
1624
1421
1146
2324
8708
1487
5694
3459
3448
1287
5821
352
5749
6717
8179
5658
9512
7552
9930
3080
890
8816
1185
2003
7186
8453
158
6488
9704
472
8858
38
2373
7707
9981
8622
7237
8233
3029
4990
7829
831
2659
8246
7531
5613
110
8765
5137
9745
3445
7259
791
5378
6497
5371
2127
2285
4755
4367
6719
3843
4993
4966
7949
3646
5768
6321
198
2987
1630
6180
8643
4908
2461
1358
811
7771
4592
7123
4445
6924
9291
3303
546
3317
8931
6708
603
9380
3060
2515
6731
1202
7607
5012
6282
5103
2441
2981
3812
1746
1207
3917
4926
8554
2014
2781
8506
3077
7876
5351
1941
2898
1304
7649
9605
7724
8131
1821
1864
1503
6920
8017
2844
954
929
4064
6818
470
3107
2059
2599
5436
2584
3097
549
1376
2933
9079
3097
6297
9689
4958
846
5244
2969
9807
7374
626
7036
8404
7992
8238
5224
340
7217
6904
7215
4065
1394
5956
8591
3636
9776
9809
5848
1640
6894
1850
1084
9420
4838
3938
9842
5650
5113
8908
3904
6378
9334
5384
908
9820
6335
922
1089
8989
2935
3095
8233
3701
6405
9616
7537
2800
1054
3990
9602
6311
9054
6840
8427
5123
3182
1887
4484
3345
6572
4905
6648
8058
5494
5206
1326
2682
3297
5914
6990
8817
2151
3949
4472
8168
8626
5382
6288
1918
9523
4834
2275
9047
8679
1171
6196
7638
8442
1455
1046
6358
1462
9763
5107
4299
2194
7774
8126
8423
6122
2681
1434
7839
3726
3431
7870
2704
1622
5992
2906
2951
6440
5904
1602
3244
724
3883
5381
4301
9103
1321
5565
9079
2888
7471
258
8102
731
3056
8834
9231
5599
4898
6726
3904
2317
2996
2598
7793
1604
9702
2911
9460
5718
1677
2645
8748
2102
4260
8389
9814
1707
2329
429
8118
6504
5697
3400
313
1147
4836
6730
6829
1498
3803
926
723
9492
5797
5570
4265
5303
676
5828
8927
1152
4040
2759
1911
4823
3675
9594
591
4837
4677
7760
5570
3639
2485
5626
9302
8096
2592
1727
9591
3032
6572
5368
5054
1738
3006
6509
4676
277
3822
9981
3023
1025
9489
1675
6607
5741
5271
186
1721
6392
3182
7084
2927
4429
145
3133
4143
9614
1433
7350
5548
842
7615
5896
7460
865
8942
6585
6416
1538
2016
7573
6746
7339
8309
9102
8726
8324
6309
5372
2401
3526
770
3075
1871
3216
6645
6524
7775
6852
9709
2426
910
541
5882
4661
1253
6978
1897
4432
3524
6088
3873
8251
5440
3148
8372
4614
9595
840
6499
1134
2085
9220
1206
2448
992
6561
6940
6651
1712
2699
4717
4515
471
2074
900
9156
2342
2914
9153
4416
3793
2645
8378
1699
2136
467
9822
3613
6862
3659
821
5882
2159
576
4958
8642
398
9803
2061
8093
6244
4871
3330
8376
723
109
2122
2119
1051
8290
8794
7468
2070
2205
1725
1799
1223
1122
1321
7728
1307
1655
4972
5177
8233
591
4370
6109
4449
8284
9355
885
8963
508
9159
3680
5506
9172
8464
5290
6910
8809
9572
7018
3678
7278
2163
7002
1194
5933
6136
4950
5998
2474
3537
9413
5688
1187
9758
3809
7633
7575
7963
4647
8144
3170
9105
4948
5114
119
7172
2598
3282
994
8593
8195
419
2441
6924
8885
903
4579
1336
5606
9890
3008
6135
3212
3610
4957
899
9349
5479
5705
5646
7160
8872
218
7338
7562
3606
4751
296
452
8212
9815
831
6663
7220
6284
622
8379
3485
5336
6300
5649
5100
9179
3830
8984
3209
1326
6066
1834
2931
6097
7232
3019
5904
4683
9505
6221
4135
516
2463
3987
7485
1711
2091
249
6988
5834
3838
7304
8763
6431
2457
7464
5924
6094
1932
1091
4242
120
4749
2385
3808
9610
8061
6317
707
3140
2098
9635
936
7373
1583
4759
639
1965
372
865
3696
1808
3478
8420
3441
2900
3906
3158
7976
1442
9416
663
8055
6448
7125
379
3392
6335
1713
7396
7347
9718
6171
3569
951
1459
542
9570
7470
4824
5972
5506
7562
1603
9096
8529
6788
4962
9269
9007
985
9810
5301
32
8453
2844
5607
7542
5049
2355
4654
3678
3084
3071
7846
7826
8847
693
8022
7014
4174
6139
1597
9844
4797
2739
9105
9487
1976
3397
9163
6017
5029
44
7896
6819
7679
2758
7876
9369
5001
6091
2012
2633
8974
9336
7882
7079
7368
3306
6293
2429
5534
4656
59
3638
5421
1945
2596
7779
7965
6739
6711
5130
9772
4786
6914
101
5951
4415
8168
5055
1725
9012
8517
9682
8917
1222
4672
2704
7749
798
2158
4664
3905
5966
2385
681
7263
6825
6499
2915
7886
4891
3412
5178
2509
4079
9950
4539
5006
4020
687
7621
5736
6558
3781
1655
6905
3053
5368
9353
671
6309
5998
2300
8396
281
5933
1481
1941
3715
3680
4863
2963
3441
7563
2842
3657
4687
5899
7121
4937
1495
3918
89
5738
9864
7721
5185
8170
5472
7553
7344
7143
5994
7576
9404
3772
2616
6458
3912
8437
8710
3517
112
2184
636
6088
1455
6521
8978
4996
9400
2179
7766
3348
2026
4370
6727
6542
1705
4035
9595
849
4387
3468
8227
9061
2537
1355
5742
7450
7104
9147
423
6020
7217
489
2709
7691
9949
3487
9539
5336
9113
7772
9182
5962
6058
3162
1624
235
4825
8245
9826
9263
3626
2504
1246
2049
469
1984
7121
4798
3244
7131
117
8457
860
2127
8016
97
4043
6105
7994
2939
7755
1031
3260
1261
4468
9840
601
5552
9719
3462
7135
9432
6475
2719
149
3878
6517
505
540
1942
2786
2861
8350
8759
5852
2610
2586
823
4066
5079
5694
7468
7617
7388
1202
9518
7548
9454
7463
7257
3597
3551
3337
4226
7715
8370
2838
1119
8384
3306
5042
1918
7114
2520
9016
1310
3545
4685
250
550
4903
211
7090
2190
8984
242
7870
3132
4420
2217
7793
8073
2733
5657
7256
3959
2424
3036
9315
7973
1113
9359
6964
4832
1101
9105
4280
6963
9195
345
4936
6520
4475
5640
7690
459
2297
8250
8724
3566
7571
5121
1914
8971
6001
8371
8058
7589
7539
5084
9527
9565
7728
2969
5078
4792
5560
5698
8425
5045
6956
1602
8212
6599
6178
2560
998
3111
7403
9428
4018
9825
8608
2883
8502
6159
6458
4885
7791
7365
6587
976
9656
2163
1418
1651
4454
7338
4638
9056
6408
5752
4311
5140
5856
2015
735
1014
4955
7920
500
5318
6182
7531
2670
6961
1937
7343
2288
7749
9578
8958
2993
3785
2271
9235
9458
9618
3796
775
3103
7272
2332
7135
8747
1857
3736
4382
7970
2573
2560
672
4735
9365
4541
8748
6186
7103
4482
5042
5960
2906
1742
2242
7983
9412
2676
4425
3765
3555
636
7251
5555
2046
6317
7344
3266
7880
8863
9275
4788
4814
8626
9613
6582
9534
285
5459
1383
478
4431
1392
7026
7774
9146
313
8153
4772
1718
1735
6111
6250
1887
572
648
1764
3495
3959
1723
1250
5789
5566
4985
2892
1147
2847
4756
553
3307
8564
4099
1581
3351
9864
3662
1354
9413
7828
1781
5704
3234
8828
1698
3277
4239
9198
1217
6728
4116
5273
7919
3659
1593
174
9771
6865
2720
435
7399
6462
17
6209
8128
2419
7149
2105
4580
3285
5635
8058
2148
692
9936
1543
9483
537
5468
2501
7294
1625
968
4317
4586
5154
3214
3147
6972
8565
4012
859
6184
4678
1991
1585
83
9165
3977
8319
3717
3330
8755
1599
8397
5059
8072
5921
6920
3852
3922
6198
8145
8102
8083
9283
7549
5677
4448
7664
9558
5279
9443
7102
9708
4278
2393
5832
6693
4697
5525
7238
835
6181
8199
6545
2702
4077
7884
2437
9913
240
7951
770
5402
3185
8917
2372
3041
2876
6141
4310
2309
7454
9469
2504
2181
7579
3781
4545
2821
5375
8272
821
3184
7949
7622
5793
4774
1015
7393
9079
1012
7300
5831
6446
9085
3983
6015
9639
3166
5480
6388
8580
947
4710
2062
3991
1660
2028
9562
9492
3568
4899
2043
207
4513
3136
7006
759
3954
7824
2359
7847
5614
6030
5048
6173
3628
6910
4529
5077
2049
6359
7147
4534
9727
3442
7198
7203
4062
9851
5273
4229
9106
9636
4255
8195
8517
1723
8984
8301
4734
1745
1023
8379
1353
7791
6995
5208
1632
3170
7564
9608
623
2482
807
1410
3012
8574
2594
3062
6358
8864
585
5523
2575
7921
6966
6411
2342
8825
4299
1084
3742
7127
3923
4236
3608
6624
793
6701
2356
9044
1736
2966
7530
5600
3711
2389
5715
8162
6527
4256
8568
6874
8501
5955
991
9038
2240
7768
3023
252
3228
1577
4894
6325
4877
6989
364
6480
8010
2932
8217
8254
8276
7739
2840
1013
8839
6316
3458
3872
5411
6088
879
2968
1869
4727
5932
495
7022
6403
109
5858
3244
7138
2673
2288
968
9732
9533
6993
3755
5884
2903
1366
8243
288
9695
5754
8450
1080
858
7217
1174
1416
2794
3984
6775
2307
3737
2952
9516
8946
3960
4557
9120
2220
6913
6402
3886
6167
1793
4280
8466
8330
2941
7217
4534
1476
3560
5908
6475
2285
5359
1024
2484
701
488
5425
6904
1963
4204
4635
7399
7106
7788
2530
1448
1395
4208
314
9684
6241
9383
8989
628
2730
9437
2611
6138
8395
7718
7814
8898
9227
340
188
3897
5409
7042
1113
5785
3632
4789
5915
3509
1102
8853
1041
2168
5430
1844
3127
3349
9327
8441
534
2153
7350
1852
256
1792
197
396
1641
2650
8947
7055
6581
4497
9284
4347
230
6358
4722
1477
6501
4473
8199
8854
3888
857
1001
423
5554
8879
7217
7161
2125
3005
5457
4405
1717
7521
782
8701
7811
989
2717
5355
6357
5632
628
3218
1565
9002
2250
2981
6879
9966
4671
2111
4959
7975
4629
4932
3607
487
7387
2153
9883
1848
7811
569
9094
779
750
565
1255
6763
4972
6869
2396
707
4438
9991
7038
9575
3726
8803
4405
376
8766
3117
5245
312
1853
7372
9068
8063
5663
5722
1099
6529
3934
2393
6832
4826
8303
8584
1770
6228
6382
9029
2329
740
3209
5223
1547
5960
4638
6652
6648
1567
9789
6209
4563
387
7594
6377
5967
7701
1008
7151
5632
7424
6473
6694
7915
9959
4719
7477
3016
9425
371
2303
128
8046
576
9192
9014
8783
3533
8319
6832
4170
9017
5610
6089
4482
511
6960
9622
3250
4578
5019
7750
5401
4453
905
71
5465
7746
5987
4809
7939
6232
4304
3250
4525
9170
7291
5224
3228
1701
2171
6060
7782
3574
9698
3321
9485
4441
4332
7706
5478
4936
2385
1520
9417
6321
9258
4837
4485
7321
6542
9729
3415
9653
3713
4375
6948
616
4296
2148
5836
562
1872
6896
4003
2069
8340
1725
8475
8466
5538
1376
6899
5416
7932
4340
4273
7994
6886
799
5890
5296
1981
5129
4517
351
6431
3638
5947
6806
9878
987
5297
1421
5259
4835
9186
5918
9459
8688
7634
5501
1057
4915
561
6840
1257
2466
8235
6723
9603
6201
9200
2239
3241
4330
268
998
2016
6589
1215
8702
6487
7256
3767
2172
6203
2984
2785
1531
428
2045
3932
3686
8369
313
3839
9241
4056
4897
9892
1080
377
2742
3919
8959
5783
9564
8667
6424
4540
6208
7355
9853
9500
6132
6973
5562
257
1760
2778
5383
423
4625
7988
7851
1328
4981
5116
7051
2856
9251
9303
31
1206
4071
4808
6878
5879
9027
147
2964
2713
3377
390
9530
4963
2106
2835
4555
5542
4156
8909
9274
8733
3700
5671
8458
8336
8117
4200
672
1484
4198
9705
9143
1300
4771
5254
8423
4205
66
205
5215
1011
8977
5381
9507
3639
5373
7195
7850
5268
459
8756
9774
7018
4159
365
2765
9214
4586
5362
206
9677
5773
9513
1113
6176
8582
5625
8172
8400
7347
265
4782
625
1656
7248
2110
2144
5594
8077
3536
5263
146
1168
8845
3287
6026
5475
3634
8045
2680
8152
2556
6941
6667
6993
7147
2332
445
598
7952
2387
2439
5782
5635
8278
1762
265
308
2182
849
1868
7107
9181
3677
8357
1607
8628
1935
2450
3655
3249
1225
2780
9967
5430
6273
1212
9414
5878
4696
96
9405
1609
5753
1170
2474
6077
5824
9988
813
7519
6196
4427
97
1998
1452
7381
6661
537
4735
4915
1645
7181
1203
8551
6953
4089
3331
8090
9170
523
2411
5036
3267
497
6835
4013
6977
2228
3123
8950
9379
7304
4653
3971
4146
5183
3110
8559
9536
30
7390
7173
6183
4894
5422
3783
8334
201
6613
9155
6267
1259
8128
4174
4410
3144
817
840
2951
2402
3507
1543
7368
9683
8542
6835
2077
7613
923
3365
4157
15
2816
8497
2870
1163
303
5848
5244
9057
9984
3498
2065
1087
1386
988
4422
1035
422
2451
3939
6943
3275
7818
1061
6145
3654
5507
3436
1723
3109
9120
9883
9283
2064
9390
2904
4053
5501
1292
4510
549
3836
3678
2972
4514
8393
9985
2042
2283
5269
6678
4254
6437
4608
7803
6960
4487
1711
2472
2122
1168
7042
7681
3220
5222
7304
391
5856
6848
2141
1983
2250
9608
838
5540
906
3540
4864
3901
5288
7286
5163
2756
8974
4966
558
4814
2767
1089
8413
5089
5951
2300
3740
3359
2321
8140
6879
1913
7017
9922
373
7503
6257
2935
9124
647
9596
4124
3515
8132
2324
6324
1431
5017
2689
1199
4506
7670
3396
3634
3381
5991
2320
5389
3393
4526
6875
3956
32
9418
9839
1117
992
5954
4696
5724
2557
1764
5516
7293
1967
3941
6949
1153
7100
5468
2155
1552
8682
4141
2268
3532
2204
49
1145
2836
876
6709
4064
4035
4159
3406
8810
6108
5692
7992
502
8189
4827
3548
1699
33
8391
1395
9056
1504
2452
7272
3803
2698
989
5771
4839
8277
3390
6581
760
1403
4286
6056
5714
2615
2709
8784
1101
3188
7386
1363
5962
6171
9864
6684
8528
8967
4419
7022
4917
5691
4189
205
2609
7039
3977
7716
8436
5561
2174
6122
8624
5260
5335
2322
3267
8965
8448
2819
3034
5404
9549
7092
4476
6800
3232
3319
9664
7242
6836
8088
2301
9783
1850
8487
6198
2719
5455
8903
8902
3092
7247
6285
4875
8576
992
5624
6573
6655
269
5360
6190
422
3461
7782
873
8641
8598
8361
3749
4391
4357
6721
4689
8056
4892
2353
8811
2775
7884
6225
49
3074
8566
410
714
1081
3861
7804
2620
8529
5704
8970
9764
3718
1113
6940
8852
429
8731
93
7252
567
8684
9078
2775
841
1194
9288
796
6382
2610
504
9668
2099
2546
156
9983
8822
4089
5027
3614
9383
7787
9995
2347
8688
5063
9618
3111
5805
2757
506
9430
4164
8417
2623
9092
4906
3659
4589
7125
8892
2973
4126
3358
9937
7593
1912
2694
5972
101
2272
1310
9655
5462
3147
6098
1413
1071
7885
9556
3869
9235
8997
1487
1073
9104
8639
628
3052
4139
3736
62
6116
930
5418
301
8999
8841
4192
5230
5209
2316
9187
5851
9144
8502
7090
3738
566
4554
3288
8006
2211
4541
5757
4340
8087
7443
3906
9414
6041
1243
289
9143
7159
5655
1046
7842
7718
1128
4214
2474
6304
1537
9879
2429
8498
1433
3597
2964
4616
5228
797
2892
9936
5369
4225
3686
1606
8166
8528
2770
1652
3125
3418
1398
3621
3518
511
3496
833
6393
915
5109
4789
407
8695
9609
995
2453
1486
2556
7478
7186
6819
3794
2442
4841
8915
6761
8274
4869
80
1529
4520
4444
4709
202
9548
3261
5500
4789
9837
15
3701
2771
6845
3676
3845
8089
2300
2258
5792
9932
6140
2754
6693
5696
4621
7928
5429
5336
5810
2449
7661
9812
2021
9989
7122
7173
6664
8966
4336
6491
2290
9184
922
9032
6724
8521
3677
9515
9744
8564
3608
1961
8513
126
3203
4812
6810
8982
7640
5099
4609
6760
2570
795
3972
2242
7448
1451
1590
715
8032
5115
5049
5858
1274
7345
2859
1114
3777
7501
5902
4188
733
3643
7163
5796
3646
2892
9838
7581
8303
4570
607
5037
2285
9139
6823
530
2078
6274
2208
72
1843
9502
2226
1049
4611
2432
990
6607
2750
938
1678
9728
4850
455
9111
5140
6501
5929
9092
1074
3600
8868
7005
8282
387
8362
7410
16
6135
3256
824
6628
883
3033
8285
2329
3674
6051
4970
4482
7881
6007
16
5575
181
104
757
3881
8056
9115
7531
9596
4115
9578
4477
7371
808
7130
2875
7687
690
7143
2543
5044
8862
7542
4295
5626
6463
9349
530
930
9248
8206
7770
127
4452
7976
2945
2572
6760
7883
7604
2844
5665
1514
6741
6328
1691
3981
4883
8473
7836
7001
8062
9102
5136
1175
1461
7147
6147
7692
197
7634
7544
896
2658
8604
7925
2831
4278
7436
2594
1820
7872
1896
4820
4046
4759
687
4978
2714
7122
7026
1726
8273
2880
3659
5315
6923
1533
9429
2872
5734
7877
525
6937
6832
8927
8660
67
8540
8479
7306
4186
3766
4346
1808
8850
5220
9452
2343
2674
2533
7089
3358
4247
452
3993
8677
3343
4668
8809
1419
7623
4266
2786
9503
9786
7735
1370
7101
2126
7753
9034
6307
163
8934
4604
5988
1788
5003
2171
7009
2521
2653
1292
2206
2459
9804
1661
9375
2832
2289
2750
4865
9991
5386
3895
1201
9624
9733
3163
8067
3554
5349
9044
8306
8815
1504
8955
7404
9631
7441
861
5325
3058
4476
2831
4060
717
4395
405
2575
5614
6426
6077
5836
8901
8453
3908
8271
3724
3489
6095
7109
2557
7151
4330
4993
8883
8610
3687
1137
3839
4767
1127
461
1287
6397
9483
8193
3866
9652
7272
7262
7510
6506
8743
646
1792
4597
1915
9847
2615
34
9874
3668
6266
3727
6097
3686
7932
1111
6105
9989
644
873
1982
1444
5234
6495
504
9984
3649
9671
2887
778
923
52
7916
1744
5427
5832
6176
4980
8351
4894
3922
4730
7839
6873
37
2564
8295
9390
4092
3272
5462
7130
2397
6251
9035
8559
3949
4707
7566
1699
726
1941
3185
795
5863
873
4898
5441
8985
8864
9733
5925
6013
2442
7450
495
4271
3611
9524
5577
9539
4389
7157
5816
6200
6498
9246
1097
4680
5229
2881
4397
455
2635
5791
2448
1446
3998
9627
2685
5231
7606
9489
7706
462
9235
9274
2154
9835
2203
5991
4509
9800
5055
1038
3428
1300
6463
8990
455
7883
5142
5426
7727
9328
7963
2537
1447
2205
206
3954
3939
2111
6983
8066
4779
6192
5562
5358
4242
9601
8840
9658
2551
4510
9576
7758
1764
464
2590
7175
9422
6706
9046
2604
6165
6646
8183
1494
2661
7979
3635
7874
221
2744
2837
4356
2303
5360
1234
8934
2371
2150
5532
5651
2381
7633
7074
6236
1589
6445
8185
4772
4746
5745
2178
8821
1473
3070
7040
9265
7893
1807
5963
3288
5961
4174
5808
9191
9613
7839
2667
7407
4261
3209
8260
4906
4784
9186
660
3886
4521
734
1541
5223
9887
9009
7435
5729
2143
8626
8748
7628
4245
9230
52
4661
2967
5423
4032
5342
4320
900
6799
9564
3172
9354
6677
238
8857
8473
3219
3836
2531
4339
8522
1545
3723
9731
8694
2146
361
2857
5141
7532
722
601
4794
3620
4330
6684
1086
7014
3100
4821
9575
9104
5473
5263
5268
254
9623
8633
743
9735
4409
4449
762
1913
6042
7576
4192
6618
6438
2677
4944
2381
6952
6414
7310
3187
974
2136
7079
6431
380
2110
1108
8987
4998
5350
4961
6563
3428
9301
4993
8301
1251
4782
4964
7977
817
4852
8473
3502
9299
484
1129
192
7869
7338
2240
9857
8771
5942
7937
8645
1751
8025
3128
654
2631
217
9798
7994
7707
7646
3430
6294
585
7944
6825
5029
2991
8380
7117
4104
2445
6669
760
6437
3700
5476
8949
3270
2029
3975
7152
3940
2367
1914
7592
4765
5694
6120
7001
4863
2836
8203
4106
6678
1914
3444
2469
6697
738
3588
3641
8610
7762
8096
7219
6302
2997
9408
201
5147
5319
7218
6921
3088
5801
1315
7158
7978
7151
1785
2036
2167
6145
3541
3016
7609
5444
8141
8290
9310
8847
7483
3752
1041
2363
2491
2977
449
6632
2286
3959
6732
1268
6213
3099
7489
6871
7908
2957
8711
5292
6154
1972
8742
215
9251
3374
1082
5735
8460
9753
2327
6973
7543
1177
9819
6550
4215
7256
6378
6244
5066
5066
4021
8134
6800
4865
971
7367
7430
7208
8001
1664
5960
1776
1804
9922
5106
3752
3806
4086
5996
2418
9898
4557
7473
3429
3867
6232
2100
6367
7066
5997
3201
721
9093
6164
3547
1595
2051
4451
6624
3199
1409
8447
4330
1715
1451
4272
327
2113
5285
1267
8136
6829
176
3767
4821
5271
8028
3089
4998
6416
1233
6240
5944
6358
6379
3742
6473
3452
1371
9770
9553
2595
5825
5574
6427
9220
6631
4843
8771
5910
4964
6814
2970
897
2406
4475
9448
3127
5206
9457
6378
2947
4948
173
8319
7205
8300
2955
3219
3281
4340
1919
1734
7717
851
3456
616
9879
394
3160
2443
7047
1954
1471
5114
5257
3127
6463
7199
8326
1218
1902
7956
310
1478
2793
7645
541
4895
4349
940
6937
1707
3030
9068
4348
8242
9883
9149
1258
3537
5868
2183
2169
9227
6471
2203
1543
2194
2770
8546
7576
3468
7533
7956
7710
5588
2836
2720
6402
320
3713
7863
7593
7056
8156
1546
9126
2813
680
3107
758
4436
2222
9400
9781
2375
9469
8375
4955
8240
1376
388
2076
3190
1482
9073
737
852
7848
9121
1345
4779
9141
8946
6127
1455
2156
4291
2778
8871
9989
2244
5172
2528
4224
9123
1828
1320
324
4215
8010
4005
7754
1509
7848
4905
5683
7402
2270
1374
9029
7299
9215
5536
2915
8593
6622
1147
5764
8461
5071
3476
1291
7026
1085
1364
2427
4602
6546
6006
120
7096
266
2406
8173
869
1553
9109
9498
7999
6063
4117
9947
6296
1710
4093
5982
8378
3616
4046
7854
7286
300
3808
1729
4002
7960
1421
1496
1539
7865
441
6190
7611
646
9060
1268
5316
6085
6871
5782
2086
6760
5023
9347
9739
332
6686
565
258
4900
6151
3544
8336
6556
7550
1687
6265
191
2873
478
3234
5776
1291
4157
6046
194
2979
7014
6308
2142
9380
3614
6472
9717
5692
6415
3412
334
445
1997
1647
6775
2885
6824
1191
7266
5558
7838
1658
2679
5493
1739
1463
5199
7014
3226
5386
7267
5492
6734
8220
5588
5631
3597
5241
4965
3029
1388
9614
3270
2900
6084
4152
9714
9998
3808
5889
2294
2750
2989
6342
300
1526
5897
218
9735
9944
1351
989
6995
5783
1090
3278
3082
9179
3167
5322
6547
8803
3825
7923
5968
3671
5982
3234
2864
3027
7933
8031
7058
8646
314
6361
9853
4447
2481
5845
5698
8673
6585
8067
4360
1565
3509
9318
564
3320
4063
8362
5169
7190
4373
1895
5876
5235
8304
1742
4064
8120
4150
6324
8376
9615
8974
8348
3738
4681
1032
7791
8874
8943
721
8701
8408
9630
7955
8128
9475
9794
1290
3181
5586
293
1073
2562
8443
2758
3367
2367
1603
9378
1041
7989
7600
7925
3829
2087
6753
4373
4341
713
1197
8566
2083
2694
7075
1228
6427
7727
8799
9456
2799
2198
7117
8053
4572
6271
9082
3995
5919
2872
5216
9624
2474
1911
5049
8504
9473
4064
8817
200
1189
2863
1115
3985
9721
1913
4895
3929
6140
1914
4487
6079
2572
4025
9102
2811
2401
5203
4268
8918
6787
4303
4053
4826
1189
8501
3357
5992
6065
7254
9254
1511
7215
4131
8433
7919
8047
2726
7959
6488
3029
5747
860
5616
8682
9330
1326
3423
9913
7690
2749
7636
300
6543
2885
7730
44
3455
4294
9678
6907
8448
5048
2216
6263
5397
5350
9647
9338
9738
7070
6916
117
5512
2529
475
3509
9456
36
4110
3868
1211
5519
8068
6992
4154
3763
455
3623
1218
6454
1642
2298
2835
8065
1405
8363
1413
8996
8270
6650
70
4842
9081
4577
8812
7347
1979
490
4317
3534
3832
2705
1834
225
8826
367
8468
3519
3218
6073
2913
9371
5256
6810
2194
4107
4227
6455
65
5832
1696
6625
8942
8633
3872
2928
887
4521
5030
9325
2677
7763
6889
2376
4997
2277
509
8312
4218
5456
2144
5054
2252
1270
6454
3640
9794
97
2247
5220
5656
7177
5097
3893
5520
8416
9501
2036
3805
3114
5693
7689
2855
5074
5549
263
4483
968
5601
5326
9957
9408
8982
5443
3494
7769
2943
8388
3253
8542
1505
2043
3617
2608
8155
2401
1522
6708
2010
2023
5346
1455
3049
1855
5611
3249
8597
5650
4012
3538
2875
5537
8375
795
3372
4258
4984
2332
1754
1192
7831
7139
6184
8155
3845
9780
9142
904
2834
5470
2050
1001
300
1912
2104
7626
9623
4164
2834
6741
1905
9063
263
7963
2816
7131
4490
4893
5658
8638
896
6191
7997
7012
255
4307
877
6401
5356
9491
6799
8857
8306
6548
6025
6145
2144
6699
5417
752
1520
8480
553
3432
281
8274
1297
4824
7692
9002
3488
2706
6087
7253
8858
245
253
4233
8874
6598
3732
9621
4851
3745
9384
3422
1319
8534
395
365
3164
9681
7739
2361
194
544
7775
4808
4997
5261
3613
8527
5978
7081
521
6717
1950
9857
90
431
3946
8580
7521
8838
5465
3319
4601
6466
8513
4855
9458
346
3146
4500
1632
2637
1032
9173
7774
7740
7675
1590
5240
7999
882
9724
4543
5879
1008
1200
1990
1450
5624
919
743
8931
607
4988
9541
8164
3600
9268
5272
6312
3266
8463
72
6758
490
1103
8146
8859
6943
4032
7369
6969
2457
1584
1203
4371
1933
6890
147
5058
9153
2816
3061
6203
418
7362
9197
8471
3883
6537
5629
1936
8000
30
4409
7281
1319
3931
3105
4533
5791
3415
5188
8299
5906
9766
1452
9715
6039
6136
2767
708
9579
5031
6408
8303
2000
6824
5193
328
7806
3844
1314
6549
3239
594
9923
6970
6165
2349
3032
6757
9401
2198
1017
7816
1078
2156
8006
1276
7974
2672
5006
6873
5959
8593
3136
5063
3952
5480
7250
9173
9026
3861
8524
9901
4948
6545
1716
4670
3694
6021
1541
7001
216
2471
7318
230
9759
5782
5136
6193
6723
9289
1467
2632
2482
4181
9910
322
4170
2118
2981
3163
1700
4485
1059
3126
1436
2360
2549
4760
7485
7314
3193
4446
3996
3918
9935
3873
50
5050
9557
475
4610
488
7680
5179
3473
578
444
1617
3119
351
5081
3274
4838
1700
2021
3908
7246
73
5753
107
9604
5124
1947
9351
6576
8500
7646
2648
9290
2798
5383
5340
2432
165
287
1386
8010
8279
8349
7496
746
2206
4125
5018
3065
850
4253
6636
9772
7149
8304
1253
9405
3094
7354
3425
164
2866
3341
3646
3774
4329
6294
8943
532
4190
9956
6234
3146
6148
783
7331
8442
8221
3873
5405
1059
380
1734
1653
9011
3012
1646
1085
1007
8199
9137
5737
2567
7433
3434
7671
1488
6052
6744
6316
358
3889
4866
3554
8215
1764
5149
8421
9628
9099
6606
536
2041
2059
5422
9640
4550
9449
3865
9804
5191
8950
2007
2418
4562
990
8905
118
5245
6084
7380
4717
5588
9416
4952
2275
7647
9517
5868
1899
8107
617
3219
1521
4851
8771
9586
3133
5158
1420
7948
7327
2546
6395
2162
5960
3414
3004
1096
2376
6108
8309
181
1354
5336
2455
9499
1072
9778
4181
3608
6550
326
1373
9236
2882
7706
8077
9614
6003
4551
6088
1053
5973
9112
2845
1111
5558
9813
4169
5489
9630
5130
4428
9869
8134
7468
9585
8323
8185
4255
5308
961
2601
565
5051
3799
5980
799
9363
5906
5425
5892
9915
8408
1148
2793
9899
2292
9431
5966
4295
7312
8785
9846
2659
4107
8821
9228
6150
6067
3502
1213
6982
9482
6462
5874
1252
9276
6342
4067
7654
1887
930
9353
2780
1199
8477
805
1851
6363
8269
4304
9176
4091
3720
3805
1213
2204
4225
9249
2927
1944
4311
3170
6490
2100
3151
5760
1140
5803
424
8463
9828
5566
8223
5211
4851
907
5819
1501
9402
9055
9546
2152
1922
9328
1108
6214
6785
7778
6466
7521
8680
9736
8650
2974
9129
1077
4187
2256
257
4406
7265
8306
3120
6538
3976
9178
1422
1877
1505
3549
3516
7574
6753
1900
7130
484
8923
6813
8871
6683
7597
923
5086
905
7719
6447
4901
900
3343
1433
9086
2538
9871
5648
490
4560
6669
2627
9931
1952
8619
2199
9845
1884
6202
8419
9426
1659
896
6569
3961
7243
5921
6755
5081
993
4450
2122
3042
6559
2064
2239
974
9990
9034
608
7651
2454
7177
9689
1788
6226
5252
6419
5640
9003
3323
7489
9314
3984
6065
1796
2546
9051
1256
7314
1891
7431
1349
7390
650
7026
9915
6070
9409
3270
4505
6459
3680
9758
1451
6853
8226
8358
1206
5859
6154
7947
2846
9167
7027
4928
2338
3920
3124
1144
3832
3905
4505
6054
1346
7551
2585
2575
1038
7277
1919
3328
3729
3326
1093
5784
9283
8462
1092
364
143
2454
8106
6167
1926
6912
9411
7482
7536
7033
9567
301
3617
4788
2267
2924
1860
4711
7415
3687
1918
3613
3768
4815
5720
2729
2714
3840
1807
260
8678
315
9287
5857
7142
751
5113
3443
3841
3270
8256
4006
382
1570
4607
2228
1074
363
159
5367
9764
2951
1544
9889
5934
7530
7699
3982
2732
7228
6775
4330
2436
4517
5688
5209
28
7326
7632
7455
1341
7542
9804
3010
8380
3267
3074
4116
4532
9978
5570
7825
2388
7373
3119
1027
9425
1318
7822
8775
3092
9110
8264
1565
1269
8760
9575
2322
8694
1729
5779
5822
4291
4051
7378
2842
9821
1352
7438
7964
2369
9402
8882
3159
4527
8351
5655
4589
3713
9292
2069
4493
1516
2219
4496
7119
6637
4980
7563
4797
4437
1582
9591
1507
1685
1888
8615
4357
9790
5209
3514
3978
8740
4051
1373
3592
6081
2906
6079
7859
2799
4307
8316
5181
5570
3574
3093
4673
7489
7205
3769
8474
9225
3243
3134
8583
5638
882
8118
7307
1902
5631
3091
4384
2075
69
4523
4078
7959
5905
9837
3665
5012
7752
142
301
8059
250
7467
594
222
5652
6263
9794
3445
7131
6862
9687
2250
8527
2935
616
9090
4777
9876
9643
2386
5719
411
3343
1888
3861
4511
3946
9015
2410
9241
4951
2706
281
6150
4125
3886
761
4531
4236
9001
9399
5228
3679
3151
4300
7091
6594
5032
5300
8229
8182
8612
7138
6134
587
4155
8966
6779
4855
270
5612
4855
5571
4430
9835
9956
9380
6427
7854
3181
9525
1927
7681
3642
2199
8205
35
2999
780
6245
1450
4304
3387
4
3404
1050
384
6910
6524
2874
1754
9528
4169
4321
8626
6836
7388
2113
9511
5789
4983
3239
830
1654
4648
7110
4711
3089
8909
451
3246
241
3662
1261
3870
6530
7058
5059
2404
7760
9134
5462
9443
4350
7315
5738
2053
7621
7697
7618
1146
7709
1542
6036
5666
8788
9894
1753
9809
8728
7856
8303
5489
4318
2324
2765
7317
5095
2525
464
6762
9122
7977
3657
3695
8904
5071
7759
8671
8272
1558
383
423
6199
7382
9683
8335
8281
7883
5995
6958
9427
1982
3815
4949
4925
1722
6640
1382
9285
3034
8692
1120
8807
5146
9222
4531
5743
6240
9730
947
4712
8574
3309
7172
2878
87
5603
8842
1000
7592
9411
180
8656
8280
1560
2538
3964
1165
376
2051
5772
3602
4347
6775
9692
3439
385
3791
9282
7553
5363
2219
3984
1503
156
2766
1842
6646
4466
2544
3614
9558
2738
7574
4173
885
4633
2054
3851
7745
3359
8145
2298
795
5472
2669
952
7119
8597
943
8763
6490
5222
8237
9572
8553
5924
7607
7997
6535
2449
3070
2141
7975
3450
7613
7710
6574
7042
1057
298
5812
9460
1219
7551
1005
4306
5666
2305
5209
9969
2363
9206
882
9499
4302
2869
9167
6324
1750
4070
6848
818
1979
6483
5034
2582
1150
1541
5724
2945
9268
8298
6236
165
8421
1432
2406
5705
5662
2815
6530
8596
2152
8524
1144
4950
6465
8974
3588
452
78
7325
7448
2679
4778
2045
3547
6717
8708
5888
6374
3618
9280
7448
4169
1469
8428
3119
8322
1910
4517
2323
3155
1578
7760
3398
6681
2513
847
2337
5927
5638
5905
9877
4906
5964
9438
3103
693
1361
2299
7811
9893
9888
3665
740
4844
141
5289
4886
5863
3413
6628
5265
6683
4521
8595
3814
8022
4175
6161
1400
2479
632
1718
32
9409
5000
180
5350
3195
148
5775
4781
59
2235
1726
2817
1741
6438
9279
3910
1980
1150
3531
1267
1163
8677
1968
6954
547
9034
5426
1311
6099
2655
1214
756
2025
2124
490
6551
2719
9216
462
4284
2332
6914
9651
7730
3639
6764
611
8933
2047
2293
1687
5676
8477
7224
2701
3212
5320
6957
9626
7089
580
5603
7761
8370
8539
8871
8857
3737
8195
5236
1500
3525
1582
4911
6578
64
7437
3981
4649
4182
2051
5045
5971
67
4765
2609
7515
974
5211
3198
4988
5384
784
9284
5740
8074
7419
4229
9110
9683
1535
5071
2169
3069
951
1410
2477
8416
2444
4764
3428
6524
4481
9209
453
1027
3232
3825
4947
6184
4240
2696
4335
2649
9595
8536
2296
7937
10
4943
7230
4000
4105
4124
3570
4390
4488
2450
7675
7534
7453
8323
1972
2013
9125
9344
3115
2418
4883
4515
8008
4213
2951
7945
5985
2687
8280
4027
3281
8112
6051
6106
3075
7905
615
6459
2094
6784
2554
8573
6183
5941
6020
9682
2711
7402
5776
1086
7603
8022
422
3282
3363
2101
6274
7494
2721
1684
3693
1552
2342
6763
8666
9432
7786
5234
2712
8141
8085
9500
9615
6026
5810
5701
8800
9766
7678
9001
4782
5713
9767
6383
290
6743
8031
5222
2313
7343
1959
2449
1120
6216
1521
1650
7958
2528
6710
8161
6514
8132
7123
6876
5145
432
8175
5582
5849
8586
8864
9078
9564
1168
5072
9636
1484
6289
2637
7190
6087
2811
8989
4425
3592
5317
1340
8306
2104
4632
1160
1563
796
5610
8566
696
2174
6020
4952
899
8613
5559
1793
5344
1292
6459
2603
8132
8346
4341
7636
4900
7173
8414
9366
3855
5842
6542
8994
1135
2607
6521
7209
9174
1845
9221
6011
4559
2449
4419
8472
8486
2079
4721
3695
1543
7438
2053
9119
2160
977
4140
1999
8168
3219
4142
9018
5405
7177
2643
8580
6920
2066
5276
7975
984
6497
5606
1427
401
7146
9511
478
4726
9459
6578
2992
6783
3334
4987
8293
4967
7582
2140
1214
8317
424
4408
8091
3816
2440
6907
1194
6443
5378
9113
5970
4463
9240
2976
4856
471
1137
1233
4766
8324
4917
1053
2415
2506
3936
1737
6076
4763
1734
3150
9699
6107
3109
5752
3374
8266
444
1588
1170
4504
8229
513
5509
1952
442
6346
9144
5057
6143
8909
299
5245
6106
3703
296
7803
3492
1532
9316
8594
6795
8284
5492
7642
989
1788
6507
4969
8644
1707
6189
2774
2280
8016
6702
3652
6498
1170
823
7680
9895
9365
8634
1585
3587
7325
9486
9453
7291
6705
7138
2165
7336
9833
8412
3336
5111
4124
3380
2355
6768
2793
3180
1008
4336
6821
3473
8941
9010
8225
9857
5143
585
2763
1224
8118
2417
4070
5315
3293
734
5892
7512
6173
7487
5017
7201
831
2053
2891
9979
3896
9645
4758
827
532
7217
6379
4650
2498
2321
417
801
33
2320
8804
408
417
7533
2397
8952
3408
2660
8435
8009
9244
8511
368
1096
1814
4912
2627
3189
2713
4721
6709
6123
1603
172
4924
1574
8089
7050
6829
1985
5884
2305
1182
5021
4400
9301
7185
1312
5169
2228
3281
6361
586
9468
452
6886
1352
9922
7069
6992
7025
8066
5409
6309
6596
4476
1776
2100
5641
3815
3881
1048
4599
9858
3569
3096
3730
9273
4862
7365
8327
5925
1421
3558
2869
6424
9518
771
9406
2166
9817
6262
5438
6299
5259
2947
5313
7312
9479
3121
337
9653
3217
882
8100
9357
4637
3196
9519
7056
4336
4629
9202
9746
2423
4210
156
6115
2478
6211
8319
98
8488
5278
7958
3623
866
8958
6832
7884
6610
9966
2175
660
1478
6834
3702
2261
663
6907
5686
5366
2185
2574
5958
6394
8548
2278
1400
5656
9885
3041
1262
248
8306
1305
7616
9540
1115
9851
9295
1458
1182
2419
8775
7290
9597
9813
1275
1470
9024
1452
9371
3234
3405
1295
1459
2508
1625
4825
4109
1414
4942
6246
2723
3309
8455
3087
3068
6721
7948
8709
3109
2347
8117
7694
9215
2304
6315
4450
5317
9392
5760
3924
6330
9820
8127
4419
926
7528
2705
3495
8607
2359
9523
5569
5493
2942
2712
9667
4460
2058
6900
6244
6372
8717
847
7997
737
5203
860
9661
5049
6264
1315
3499
704
7271
1630
860
9389
4687
7316
7998
7398
4618
3912
7099
4135
9736
5522
1104
8098
5588
6214
4540
3604
4425
2156
3909
6695
537
7826
7684
666
7385
7395
2202
3549
2322
7326
640
6878
1098
6426
1842
3649
681
9884
915
2804
2310
2369
7063
1946
2795
8971
1540
9316
2490
3256
4853
2224
4050
7850
2781
2593
5424
8831
2373
4368
5235
9935
8669
7184
6044
8162
4219
7124
1048
222
8454
5755
4641
3743
3943
8960
8239
7659
2791
5358
5383
794
9573
2421
3764
3490
5295
8193
8793
5778
5121
6097
5313
934
4497
465
3444
4556
99
6212
8705
3343
6048
112
3134
2793
2775
4621
9737
8108
3356
5188
3369
8582
4929
7179
4316
2815
3238
613
4285
1573
3082
9977
7868
1299
4414
6681
1905
65
472
1901
5933
282
4532
5202
617
3282
4470
7884
5101
2018
4418
2772
1921
9659
7916
620
2139
3446
6583
344
2114
8954
4462
431
7721
455
9101
20
246
6829
5115
5907
2864
9703
5232
4588
3258
3503
6700
616
9720
4206
6330
3054
6949
7810
7710
3545
2472
8238
9126
2774
4999
4348
6095
6856
8211
8352
547
5897
671
7845
5780
4228
4733
4234
7697
3218
8242
1985
1681
6402
6673
447
4800
8361
5658
9873
5179
1276
8141
9160
8272
8526
1710
8992
1743
4917
9551
911
7669
8092
8111
3962
5606
3927
1481
3769
9134
4051
2323
1994
7769
6852
9236
7529
2528
837
3664
4593
3332
527
3079
4288
8153
5149
3896
2245
1279
5202
9300
3426
8929
6880
7563
3209
9972
9316
3636
6579
776
66
4219
2268
4278
9418
9076
6013
144
5024
2075
5613
5083
3394
7535
6308
34
5174
3977
340
5957
1214
7440
3759
5600
1521
1352
8770
3988
3081
2619
521
9255
1606
3863
3571
7005
3467
7432
2661
5833
7767
5465
8240
3106
7293
5646
593
7523
3554
6762
1211
99
5636
2483
1752
5476
5248
3079
9075
479
9268
2125
3252
2659
470
5700
109
971
5601
3957
344
238
6475
9933
8609
6366
3910
5993
7206
7674
629
3679
4116
2545
6642
7448
1922
2111
7791
1418
9288
4367
7505
1307
1362
6760
3323
6017
396
6980
5905
476
7802
8006
3556
4383
5334
292
2327
4345
1043
9686
8326
2432
45
5952
2275
2716
739
6335
5579
1853
1810
9820
8031
9735
6172
9064
8671
8931
9627
8394
6238
3019
93
6095
2826
2316
3837
7493
5421
1055
8288
8172
5624
6871
9454
7914
8654
3902
384
8383
778
4140
3208
5792
8155
3702
1296
742
9735
8577
5901
1989
1928
8028
8424
7374
8828
264
1355
3812
8440
8304
3859
524
1909
657
9422
2054
3597
7375
8872
5840
2735
5729
6695
1640
4336
8312
6657
1115
857
5032
6214
5232
9727
8258
5780
308
8152
1838
6192
4197
5510
5035
3005
7822
9104
1074
8904
4567
1439
8039
7144
1126
6898
4197
2032
2951
2281
1619
1754
7865
7229
640
8772
4875
5188
9129
6556
8274
2111
1515
5927
5154
4117
7887
6378
5790
8591
2650
1729
9441
1703
997
741
7202
8173
957
1408
6245
8386
1627
4976
1848
4963
1532
9791
874
4848
588
1068
5974
5506
8492
8704
408
9089
4745
1987
1238
1448
1998
5494
7740
7849
5212
6766
2534
6456
8957
7287
4722
3944
8607
8777
5817
7453
775
2930
6231
1490
5915
4893
5260
7412
9707
5495
5160
6394
5450
4812
2432
3755
9019
2064
2619
6849
6961
3587
5654
8592
8386
1722
8747
8614
7938
9803
8858
5497
2584
9677
7008
4821
7328
706
6100
7795
6606
7317
5569
1184
6602
3817
601
6210
5106
8309
1191
4088
4309
6973
5351
4593
6222
2132
8805
2317
1200
8203
507
5675
5008
4667
8863
7454
6856
3360
1334
9953
1240
5891
6667
9389
9794
3053
4974
165
2569
2122
5438
7547
4572
9548
4979
7975
1597
4456
8660
1941
8239
6243
7094
9502
1830
2612
1803
5764
9486
5124
5806
1279
173
2323
2244
5793
6938
2193
574
79
6537
1726
7695
7363
5893
5563
7605
3396
6799
1610
522
7877
2231
2900
1823
1206
4131
8638
7184
2191
2918
3571
822
7106
652
5725
3393
3990
276
4549
6836
7913
7653
7196
48
2616
9396
5401
6687
7172
8094
7749
574
9106
9352
5217
6513
2704
3142
4671
8004
1461
5986
2007
1614
575
6921
2614
3948
5106
409
7257
4410
1572
569
8246
9222
5999
2582
250
292
7379
4969
396
8092
147
5310
2590
3912
3244
3067
9960
7221
1227
3991
6462
1357
6347
3086
3295
8741
9154
7406
2971
6401
4307
5217
3772
73
9013
1965
7901
4628
1585
7609
5908
2294
5089
8040
999
7611
4778
9676
3789
8905
6100
1434
1558
8857
7901
7153
8819
6238
2150
888
7801
1978
8905
1281
293
4466
6799
8270
7396
7705
6835
8609
985
3381
3143
3945
1716
1460
1034
5680
6623
3213
9513
8974
6257
1129
7345
6215
326
4751
307
1129
1116
2958
6062
6341
6527
584
7379
157
5954
5877
9077
1034
62
9755
7746
8706
9016
4350
2402
1402
2572
858
6753
57
43
2496
1171
8557
5299
1081
8935
7883
9084
2545
4749
2485
2384
3090
5685
4795
8792
8529
9166
1469
8587
6338
9425
2415
8262
5067
1418
8510
146
8154
481
3606
487
5162
1261
3620
6928
7903
3382
1811
4586
2919
22
7413
5987
5230
4026
9060
4393
5902
6811
5026
8617
8551
4128
8783
1262
5866
2151
1162
8509
5558
7483
8347
7996
6658
9195
5855
4758
9486
9578
6845
5017
6770
1052
6788
6999
9588
9929
4435
2151
2721
7947
227
5446
1115
5236
9431
1638
3568
8816
3863
8958
8020
8106
8775
2292
5575
1752
4802
4019
233
8661
8446
2055
9828
9199
4181
754
9089
9154
5590
8485
8893
8590
2222
7151
9750
6485
9653
1533
1847
3331
195
1887
699
3200
7766
2244
6899
7198
7476
515
7480
5726
1294
8089
3514
8196
9784
4247
8416
263
3503
374
3403
1031
1233
5795
7474
7761
2659
8719
8267
2569
4011
5344
8849
580
5227
7177
1792
2192
687
4066
2002
8250
486
3135
8202
3003
5858
6874
6699
4364
3531
2233
5850
448
9790
9548
2459
6743
6
2967
5349
4885
9060
641
7535
6239
5053
4564
6445
8392
8523
6473
7460
8236
736
1081
5086
9436
2648
9144
699
7399
9251
998
8628
1771
3147
8496
2669
5984
2505
3824
5589
8352
8707
9755
8744
2913
4122
5503
4446
7269
4378
8485
7830
2056
5004
7705
1803
541
8130
8751
1952
7708
6010
1088
6924
7002
5895
9340
2477
8657
9727
5055
6962
8206
6493
1651
8775
8890
1987
6681
8882
5459
5869
4928
5645
6991
9475
6051
5250
8389
7602
7680
5176
351
3520
5677
2651
6710
3860
5613
1602
3472
4066
5066
8887
5822
4387
8053
3573
5316
7329
9492
8998
8999
3948
7814
361
2137
1024
8742
5002
5514
2153
5053
553
7792
988
5843
3194
982
507
5472
3022
8181
5069
1995
7773
957
3322
231
1948
5740
1867
3833
9232
1358
3273
6981
1281
2159
8136
48
5935
3713
9089
6505
9210
3846
6054
219
2293
7730
2479
9203
1476
4765
8726
8354
2536
5480
7528
8809
1456
8187
989
1101
7596
1772
7246
1430
2836
6493
2037
8459
4795
6194
2612
3822
3863
9493
7435
3222
3803
5257
4408
3139
9162
2161
9846
5559
5334
8916
9733
9046
8716
2951
331
689
8633
8472
1014
3199
8272
7623
2632
5108
1454
9451
4171
7830
4386
218
138
5650
8582
6482
9450
800
1105
7874
4213
4762
1459
5348
6350
7447
7340
4379
9771
521
3757
2825
1269
743
3553
812
9245
7419
8383
1005
892
8469
7889
8761
9327
4086
3167
7228
1569
7733
4663
9993
3585
3786
4136
8453
853
7525
5099
5882
7338
4388
1026
504
7059
1163
3276
8172
9146
5706
4206
651
1545
4338
709
8611
6518
1381
9247
6640
9103
6371
4056
7399
6895
7827
4208
7142
9308
6155
9890
941
6578
3106
8478
940
7521
1314
1541
9992
347
4913
3156
9090
5077
376
4683
9856
7369
304
708
453
7375
6009
9317
7706
5753
3374
3470
7354
7686
3056
8740
8206
1130
3364
9203
7558
8586
4942
5322
6433
7719
1997
1071
5923
8753
795
8043
4529
5248
3160
7260
537
8627
5309
8010
4695
3071
8566
5273
9420
2124
5955
5137
9910
9456
3454
7493
3807
6777
4723
8287
4971
8797
6973
8477
5368
4220
1181
9843
458
7532
2009
8593
1507
2228
6079
2504
6363
4829
7759
9037
9920
8593
4928
4523
9061
770
4796
2234
7769
3143
8148
4785
9262
1494
4014
2383
1255
5389
6409
344
1767
5752
4814
9889
2231
1283
2673
5945
9994
6956
7257
6282
8640
7296
7527
842
348
5870
2985
8478
7516
1967
5974
5436
4195
6968
7528
1923
9548
7601
3939
7784
7036
5003
5780
9801
9845
634
9238
745
8500
3844
6994
9097
6225
7866
6001
189
8895
1945
3279
2791
3199
6680
1199
8833
7088
6038
1524
1899
9431
4584
3825
9028
2831
509
9774
973
7682
8800
9640
8764
7703
7378
1413
5741
1141
1630
6994
5568
7218
3831
8072
8588
3001
8582
8100
9071
5342
3280
5707
4301
9915
1790
4442
5910
5931
1867
5693
6511
3088
4142
7631
4860
373
1398
9997
1963
2200
7440
6572
6079
731
8611
2215
4029
430
97
6854
1106
3336
370
9067
9365
3169
7496
9842
9929
5465
9489
2344
9672
1213
6283
1595
4063
1082
161
5542
7301
3108
2861
2150
1212
3790
3329
2455
640
3718
4752
7575
5974
2642
6192
9219
4165
1727
9368
4737
368
3955
411
3733
9086
8255
2417
8266
1876
2212
1246
6501
8841
817
9732
9096
4562
1449
6227
8026
7758
3428
1938
1615
4937
2042
4249
4289
3987
8660
4668
3936
417
8053
505
6624
3142
8572
6597
1054
4014
1289
2729
9862
6643
5838
5137
6250
3516
8525
2548
8037
8437
6517
7663
5239
4411
2488
2430
5596
8293
9219
2319
6333
9189
6130
1008
4830
4568
7213
2531
1505
7526
549
6560
1220
9568
7381
3753
6066
1395
9565
8521
2817
9902
2896
4236
883
1356
4341
4769
659
1986
1814
9020
1168
6043
8417
2937
3189
4958
7061
5881
6333
3482
4532
6196
4537
2677
4003
2951
5691
488
8545
9506
2261
1395
9692
1188
6968
8786
4960
3849
603
9010
4876
5682
7671
6547
7379
158
547
5827
4806
1714
128
3941
8316
8125
9429
3993
1458
4266
2038
9816
9333
5469
521
1963
3746
3160
520
5686
1334
5354
8329
8928
2917
30
727
6921
3472
1995
4357
7045
6066
1118
2630
9282
5613
9492
465
6552
4885
2877
1174
232
5758
1571
4966
9989
7386
7124
304
1853
2847
5792
9819
2231
895
4450
7828
2890
9498
4904
7580
7839
5863
9674
1978
1537
7806
241
6556
1546
943
5025
2876
3610
5098
6437
1865
251
7790
5002
7278
4530
7746
8344
7082
6935
6957
7580
9584
4007
1751
3134
6583
8055
3536
6674
4015
8784
4381
1707
8588
1618
2397
9974
1076
4990
3407
4364
999
9494
4836
3775
1033
5800
2788
6273
9708
5689
5070
1676
4416
7250
9735
2612
3267
8766
646
3512
9456
8490
2725
7996
5095
6077
6056
661
1327
500
695
8223
8843
6286
1711
6013
1207
8755
1462
2542
8663
4631
5665
3742
6094
8315
1519
8020
7044
110
4948
6428
5623
9139
119
9824
1323
2384
618
2758
6767
511
8906
4106
1879
7120
1575
4217
7183
4131
2505
1222
6368
4781
6084
3060
7834
4690
3159
9468
5978
5289
1695
9845
3971
770
9608
5317
