2730
2786
9544
9827
5190
9122
4142
1265
2064
5764
3105
6487
1882
8215
345
4588
9993
3280
7996
6010
2639
3736
5148
9647
3504
5517
6015
7666
8111
2935
3695
4559
8198
836
3900
7151
9453
7172
8744
6422
4470
9707
635
7898
3589
350
1115
2372
3637
8633
9641
6735
3148
5283
2668
6399
2327
6689
7998
8202
4665
6690
2276
8253
2808
8973
1978
5361
3361
1921
865
6713
205
5208
6704
8353
7396
7378
1130
9839
713
2851
3447
9797
7404
3850
3530
6493
1953
9399
4532
2824
2833
1920
8203
183
6193
1758
6106
9144
7025
2120
7750
2480
7206
148
1707
5966
7729
9668
975
4016
7454
6926
3733
7414
2550
9860
8228
808
9749
3708
4326
525
8917
5955
7677
5707
3907
3270
69
7782
5578
8548
5148
236
9223
7197
8214
6915
3848
3478
4650
4170
5815
737
9787
7283
5753
4033
7519
7924
5100
4675
4198
3769
8843
1485
9982
8221
8216
5627
8942
5445
9846
3705
1288
1407
2250
9690
1772
245
8
6327
7241
4112
6853
555
5930
6371
8018
1054
7181
346
6383
1729
5
8509
5443
9469
6681
7356
1720
6424
4037
5979
2970
2799
1003
3609
8181
3866
6055
1795
3218
7372
5689
2216
6621
7980
2326
9531
4319
5839
9799
5116
4313
9721
7692
4366
8164
9928
6741
6180
6593
3884
6520
8263
7200
3627
4192
4328
1167
3219
2140
416
2786
8433
2954
4626
45
6082
6220
8140
5124
9166
5919
3957
4730
3107
2207
9268
1918
7505
5488
1518
433
9830
2912
6216
3534
1543
5692
8753
77
341
5152
9450
4027
7314
4548
4756
1248
4981
1372
8205
1341
2944
7916
3265
6198
7167
5525
8632
619
8323
2860
3305
612
3762
4322
6839
6311
2523
4788
5526
8218
7872
3990
2778
6788
9253
6176
1808
4113
2862
9806
6982
8431
693
2308
649
6187
8058
7184
2260
201
8699
5889
5762
5117
2847
4315
4109
877
8284
6716
2300
1417
9429
8602
9955
9770
9302
5190
229
8535
5548
4882
2651
9628
4110
4853
8117
8014
5382
6094
7880
8589
6669
8459
9359
2526
2357
6195
2249
9757
2004
7741
2777
1048
1841
9444
3177
9076
4643
6144
977
367
6365
5960
6129
879
6745
5947
9811
4570
8830
3932
5800
1727
8326
4812
424
9605
9514
6582
5499
711
4494
599
9529
7399
7555
925
4302
5462
1914
6959
601
6342
2752
7598
6999
1397
2736
924
8812
2694
1668
6968
2535
8987
7478
4805
2532
6973
6016
712
6006
502
313
7042
5195
6123
2189
5782
2098
4052
9213
9309
7371
4160
8240
7046
3201
2033
5425
2978
8368
7871
3943
8004
9842
4917
1637
9954
4328
92
2957
924
8400
1508
168
8314
2965
8861
4593
4007
618
4951
4126
3642
1240
5123
7714
9841
127
8708
9524
1350
319
3456
5665
8574
4920
3728
3589
4727
6432
134
4316
5365
9574
3696
4925
6243
1668
4507
7750
9273
1854
857
6483
9799
1055
5509
559
4025
6160
2231
6110
3963
6556
7084
9778
1503
8707
756
3656
3966
6024
2371
4059
3312
388
2456
2314
3193
6373
5788
6511
3003
7015
4907
7301
7900
7837
2666
9377
9731
9838
7781
1172
5124
9975
4856
8669
7067
3992
471
9470
5214
5732
1842
3107
3726
462
8068
7348
4168
8145
7303
4665
6137
9017
7412
4453
3731
3764
6162
2855
8366
8386
9083
4063
7347
6207
7201
1076
8301
7152
6639
6808
3941
2426
2411
1012
652
2565
1370
1969
7490
844
9504
6368
6885
9152
3666
1973
911
153
3515
431
9976
3095
7366
3642
2589
464
6326
4240
9300
9198
4750
6184
5285
6432
887
1110
8258
3637
6590
4690
3356
1563
3616
493
2867
5109
7266
7595
6421
4446
137
4202
8895
868
2708
9960
6066
8656
3006
5838
1113
5875
3844
3494
563
491
2288
3368
2085
9532
8538
3914
9314
9238
3839
3686
7460
6719
2201
1229
5343
1438
9158
5609
2657
6378
333
5558
5841
8239
4624
1847
6050
1611
5696
1295
4333
5398
2478
1114
4578
5580
9735
7866
3570
1239
1344
8609
3962
920
8388
9706
2911
3229
5828
97
2840
6968
3639
5928
4000
7805
9247
7176
5088
4191
8604
2724
5511
7974
9716
5273
3905
3248
4569
6562
787
564
1284
7049
367
680
1673
8027
4153
3984
4773
2161
1830
8947
8369
5186
3487
3227
3120
2012
7442
6702
83
3903
9549
4954
6024
161
6678
335
5538
1781
3694
6119
2449
1810
5955
3671
1128
5478
5632
7053
3544
5574
194
564
522
1564
3737
4854
76
9325
9009
1897
8102
2758
3643
2477
4480
7743
3939
2560
8830
6148
667
7070
3287
9761
6508
2111
6765
6782
9996
7130
2049
6350
7759
9731
2693
6310
3269
8590
3082
5882
2996
9314
2031
1211
1167
6999
1772
5178
9140
1838
2420
5921
2455
7571
7285
118
214
4670
1813
3642
1180
1013
9155
8365
4454
928
9342
9179
4586
8428
7853
2929
2815
993
796
6500
7549
3639
5859
9670
7754
8856
4716
1490
5877
1328
4692
513
2350
6879
1570
7138
1161
5239
2608
2370
1723
958
617
3028
8514
3231
9754
9702
2311
7379
836
8953
5284
3231
5234
3525
1135
2157
5433
2439
185
6090
5214
3878
1475
6387
1792
6452
2427
7939
3841
4496
3886
2161
870
6476
9075
5850
4392
7671
7384
4219
8137
1682
4833
1590
1865
217
3265
5286
4117
860
4076
4055
4512
9948
7659
9583
4079
2207
2078
7643
5227
9552
6555
4368
1770
915
8447
1817
8594
8580
9804
4606
9942
8563
6585
4854
982
5731
4908
1758
9810
2265
6806
6265
5939
6654
5184
2110
7485
8755
8864
3591
4501
4534
6793
8980
5799
8356
9701
5841
3140
7430
2524
2288
4747
4128
8720
3293
7889
3403
2795
6736
67
4864
1501
7
1661
4120
365
6249
9032
5377
1022
7694
9038
8682
539
5463
599
7353
7229
7286
1528
585
3105
3649
8886
4240
8712
1995
4338
8449
7763
1299
3315
2294
2828
125
58
4806
2176
557
2814
391
8543
1763
4353
2937
6394
2196
8912
2936
76
5245
9465
3643
9045
9726
6750
9585
9337
3888
500
9320
206
2224
3503
4062
8522
8181
9831
1360
5787
1721
846
7510
7687
7124
4789
5324
8206
9466
1473
7570
8444
1386
720
6191
4221
6813
8138
5438
4455
6026
9728
4993
3519
1333
5474
3222
3807
9897
4222
1983
8982
6595
4400
1154
6354
2153
6013
168
3903
8129
7920
9121
2603
5142
3189
2716
1154
5509
1071
9863
4195
143
705
5119
8595
7185
2619
5628
3175
3304
7566
8945
3809
349
6642
8746
2337
1300
1314
4199
8131
405
4417
1868
3310
347
6874
2361
6760
9980
8386
9126
5393
7505
7708
6103
9108
460
6629
7126
8272
4625
6738
9315
9827
8084
6450
1342
1249
8585
2032
8039
9391
1819
2668
1380
9991
7047
649
5258
3977
3370
6008
5515
920
7847
2540
4377
917
930
5855
1664
5427
7774
4402
4126
3936
9249
4792
9760
792
7259
285
3652
3229
8864
8952
908
3288
614
836
2897
5941
4742
3221
1815
8302
2313
2316
3863
3558
8689
828
9691
2851
996
3925
6918
534
2265
6017
5935
2164
591
8138
7682
7697
7664
9899
6986
2456
4532
6801
7079
2562
3114
6968
6466
7978
8951
8068
5669
9644
2232
216
3234
5770
4324
949
8632
1304
6227
3909
3604
7554
3456
7266
9674
7205
2455
3025
890
5722
8165
9040
7677
8532
3302
9106
684
4914
1179
6897
958
51
9339
5405
1891
4457
4102
6665
5413
5192
7089
1961
5814
9512
3503
6777
5077
5569
1628
8064
6622
5809
4960
3098
9012
1797
7971
951
5911
6560
8054
6678
2755
2992
2868
5018
7305
6440
7086
2844
8413
5867
6198
153
363
7665
1960
2357
2164
313
1803
1290
2790
793
1014
3068
6661
4853
9456
423
8809
4680
1874
1467
7030
1088
3799
9379
2472
4036
2229
276
69
4719
6661
2932
9933
8542
392
7979
3909
3681
4926
3145
9120
49
3100
7187
4946
5014
880
2459
5812
8796
1603
9899
2945
5911
6085
5456
4409
6634
8305
4204
4878
2427
3395
2421
6831
3232
7586
9149
6524
4714
3841
2084
3421
8478
5282
6741
1024
3576
5101
1418
2710
1999
5125
6058
2500
5926
2482
1909
8022
3884
2459
4680
6810
8650
2192
6119
9743
8175
3930
9390
5341
4304
3054
4520
2572
6240
8798
2676
7491
4959
2536
7140
8776
470
7092
4607
9446
4955
5824
8607
647
6191
2980
393
5640
468
966
3911
8792
2051
5193
4698
9002
8401
2522
9709
5437
2095
2926
5642
8402
3854
4128
9916
5637
8685
6247
4380
554
7898
4361
4458
7538
746
9954
1448
9020
3157
6856
4382
7254
589
3304
401
3941
4168
1886
5289
8438
1731
4880
1164
6720
8858
733
3685
2634
2866
4583
9795
7766
7230
4639
617
3752
6889
805
5254
2067
3860
7354
1215
3820
5900
2937
5729
8395
2973
5599
8019
1317
7887
7510
5612
3860
7338
2215
5767
800
4111
1408
6256
8126
1669
2065
6008
4657
7286
850
9007
5906
6859
6616
4082
5540
4908
817
9524
9868
5904
1945
657
2638
6000
5384
5673
9880
6402
8618
257
4761
7154
5256
6371
9357
170
9193
7517
2461
1969
371
849
7199
5328
5558
7326
4562
4994
4378
7855
6080
3154
1077
2317
6555
9277
1401
3753
8059
2749
7747
9960
2601
9430
169
2811
1282
2735
8214
5725
9173
2275
5489
7093
6996
1747
2486
9882
1760
7132
2368
1955
4086
5837
5278
6385
4304
3481
9785
5713
997
5861
5893
8750
8302
5858
8361
7192
5007
9866
6769
4969
5671
5978
108
9407
4967
6089
8230
7659
9977
5665
2071
4987
1439
6909
8354
3940
659
6073
5030
2908
3320
7304
2878
1347
8770
9425
7708
4893
1502
3106
8048
2176
2073
7828
3343
4166
9329
6018
1979
6130
8988
2602
9191
1631
6649
4614
5034
823
7287
2132
9402
264
6729
4017
4525
2307
1067
5223
9154
6589
2808
7798
8440
70
2620
8405
397
3965
4063
6870
7821
7481
1467
160
6354
9659
5832
1217
6064
8246
1537
6403
1701
468
2506
1280
5248
3813
1357
573
3167
3419
1003
6361
302
9914
563
1174
6799
2456
4136
9332
6755
4875
9441
5421
789
8963
4863
8747
535
4569
2681
8874
5720
2173
5804
9094
3436
7327
5551
8098
5668
2913
1341
9518
3395
9755
1100
4968
1610
3084
2707
2784
7419
228
5574
7514
8844
1159
6226
8688
8699
377
7150
3509
1970
3600
3461
9619
7991
2678
8869
28
9264
9733
7411
8398
1388
8076
9158
9395
2067
2226
4158
2120
7542
5556
5869
9214
1471
3052
6584
3173
7332
1363
7873
1217
7696
9463
5549
5779
4246
4695
77
3750
7508
1915
8257
3137
6235
9699
4053
7944
8854
8802
8402
8184
8612
1447
3230
3317
8147
9457
1729
3102
5686
7449
663
8487
3785
7741
8903
1824
4697
1594
7652
4832
2523
7037
5648
7792
3028
5060
7439
8863
4954
9526
9830
4653
5402
4146
6717
9695
9188
3107
1281
3780
3507
8570
1264
5736
1564
3380
429
2637
4098
7374
8697
2400
6253
3772
5481
4788
3359
2000
2580
9992
424
9592
6546
4249
3790
7636
4314
5267
6430
1531
2129
6831
832
6017
8871
5738
7530
3589
4268
1041
6764
3550
2841
2194
1544
4992
1222
7906
740
3020
1183
6574
4741
4978
4078
3475
1719
96
8420
9490
3602
9618
4776
3625
1045
8750
3736
7370
4104
8621
9355
4971
9210
1787
6101
7302
5480
9940
7128
2841
8022
512
4686
7835
5397
2233
5929
153
5471
5615
2565
452
8145
7091
8034
6384
6380
6203
1581
4383
8046
3739
798
7090
9337
8668
7609
8618
3115
8611
9376
3514
5664
119
4197
2506
3333
4188
5840
4362
7825
2256
6822
3676
582
1667
2152
8338
7405
6192
9781
9567
9148
1881
6727
2015
1799
9618
8969
7574
4794
291
2256
5548
7033
6857
2364
8635
3854
3246
4475
991
3674
3966
1690
2424
7330
918
7509
9919
4609
7120
2237
7868
5274
9343
3067
6281
2306
4668
635
2877
7026
9399
497
4449
4499
3029
8646
3010
8521
5478
8455
279
147
2707
2935
2254
7782
5986
7581
3024
5779
7428
7593
2824
7362
7265
1660
9582
6432
4725
2026
3357
3773
4998
2720
1950
2826
3657
454
1023
9836
1716
8832
4109
8292
2285
5969
5039
2109
6243
6527
1835
5889
7212
282
6759
9868
1228
939
8968
4519
2876
2577
1851
1778
2332
5648
9345
4780
8345
3408
5383
47
7406
9220
5583
5160
1697
8425
6611
2997
957
9919
8122
9280
4835
6810
7326
2835
3522
3383
7254
7026
2502
1812
351
6337
9409
7190
175
6783
2530
8077
2251
8065
4621
7802
3548
2349
595
2075
3628
3028
5078
7106
6822
2938
4701
4587
3013
875
8623
272
4200
4302
5225
5641
6607
1856
9971
6005
7512
396
6364
4768
1697
5014
4822
3643
8108
1698
5186
9396
7043
5495
3443
4547
7507
173
7930
1051
497
4621
3966
7886
3301
3680
2277
5038
4604
4346
3267
5159
61
134
4400
9090
4597
6330
8319
4942
5739
9132
6037
8704
244
6748
6741
8811
7990
9923
879
7745
6524
9380
8716
7059
1968
5755
7668
3564
2219
7190
8253
9228
6088
6658
1046
8455
7648
4409
9152
191
2025
6688
7822
9866
895
8880
3109
1754
3010
7415
6777
2888
9083
7125
8784
5885
1226
4699
5076
1962
7137
6309
9227
5611
3147
1781
5286
4891
6115
9767
779
9670
8027
6478
2071
1100
1437
687
4497
2557
6098
4229
3173
7459
8521
4485
7315
9550
982
441
6439
5140
2467
9753
4819
1642
9335
6505
8158
1539
4581
399
4414
9254
4858
9141
8346
6347
9696
4479
9201
4707
1864
5892
859
868
6155
6427
4766
5949
9812
7017
5752
562
4486
848
7765
275
3281
9691
857
5470
2489
4139
8611
6379
6733
3565
6568
4501
7751
3694
7167
7270
9648
4723
9298
5082
7052
9514
5252
7289
4042
2562
2332
8775
2718
8831
6612
6206
9707
1996
3886
6416
5682
4340
3517
7464
6558
5697
4071
8156
5812
2497
9757
508
3722
1333
5936
7458
1798
3461
8742
8062
4670
8934
8857
7956
7629
5355
6107
8394
4562
8339
9702
905
8503
8546
8327
1789
8703
9745
8881
7363
1213
7186
8602
6298
9830
3796
8582
392
4001
1983
5577
4870
738
7296
742
5289
7132
1219
1062
8419
5407
8583
35
139
4771
2024
6376
4082
3718
7573
4604
2026
9981
2918
8886
5762
427
1852
1655
6123
4855
5870
5668
9854
8577
9109
6499
1462
4312
8672
8535
21
3272
3165
6314
5993
3627
7447
8766
4587
1122
3828
5019
4819
659
2731
4586
8243
6917
1833
761
7824
1854
8489
7204
5394
3995
6849
9665
1077
9340
2887
8167
9680
1279
9889
5349
4805
6704
3245
1338
7556
1484
8741
8019
9852
8837
7468
967
5077
1503
5807
8789
9572
6070
2721
4579
6757
7222
6971
1212
2871
1742
6085
3251
5057
9948
9683
6659
6455
7860
4338
2799
9221
3525
3243
4363
7334
556
6274
1762
3401
5134
6585
2339
8967
7393
4136
3149
1759
207
493
5800
1521
2673
9943
1168
2298
165
4087
3712
6561
3241
9841
7425
2160
7431
5156
4358
3517
1280
4054
3451
3152
9311
9761
5864
1059
8166
5933
9305
6579
9274
6385
8581
6631
3440
5582
2500
7674
3672
981
2063
7488
7160
49
9252
2625
748
1649
5790
6239
3464
1053
1789
4223
8031
1030
7951
6054
1360
5211
1539
3153
643
3075
8447
2941
7386
2847
1101
7615
1028
9791
6229
1708
9584
522
4390
4188
5627
2770
4278
5700
7698
6110
7225
5588
3033
3987
343
8426
3515
8225
6877
1082
391
1433
2150
1180
2200
3938
2683
6435
1457
5438
3430
6754
6455
2602
2946
2909
9359
4505
7482
9947
2911
6175
9555
4271
2386
2266
657
3433
5042
8280
4681
4357
4278
6193
6628
4348
7940
5699
2448
1357
8300
7473
4509
4703
8299
903
3138
3905
2370
5103
6933
5658
580
5005
6431
4344
7978
7650
2848
5954
4317
2926
7327
4204
3917
4973
2088
6754
2109
5761
9403
6259
6716
2669
2247
2384
9561
5978
9791
280
2526
8546
711
9184
5193
3166
4696
3569
7954
8056
5881
6016
5068
9601
3739
7338
6829
2463
4458
4169
1990
579
4076
5767
1304
2559
1724
6263
4600
813
9854
154
9066
5488
8214
3113
799
2113
4553
9800
2599
8203
535
5840
7497
1503
7512
6232
6559
3464
9765
2097
9394
4446
3598
2982
2642
8050
7644
4943
7746
8051
7625
9386
4300
7667
2531
8995
2310
763
1381
3140
3865
3256
2988
8919
9169
3275
8244
3746
1065
9830
9261
4477
2080
4570
6934
6389
9650
3295
9845
7101
21
1106
8419
3290
887
5484
8226
941
3593
7012
3469
475
9876
4847
4534
325
6466
4378
974
90
9720
3791
4166
1194
7063
2408
6851
2302
513
3159
8930
8158
2547
5495
6884
3154
5006
196
3195
6876
8935
2576
6820
3210
4084
3579
411
487
681
251
6039
8377
5258
2239
2507
8539
3635
7890
3796
4933
9339
2108
9650
5601
7317
4910
7715
2749
555
8143
8601
1888
5077
3386
429
7886
9550
8919
5787
9299
1297
4943
8100
3227
5604
8075
118
3281
9882
2275
9994
3399
4403
6275
2447
5988
121
831
4425
6913
2365
9276
438
9629
1718
5873
6560
8910
2140
3713
6871
6727
3708
8816
4519
6826
8746
1061
257
9356
4541
1209
6892
583
2434
501
4675
1236
3962
7490
4746
5893
5126
7457
6588
6236
4673
8556
6749
8424
6785
6645
1056
4881
8244
7204
3933
9427
9853
6106
3720
5741
4154
9404
3954
4787
6333
6782
8704
567
7890
472
5527
2810
2362
9436
9660
2610
1836
3111
2548
5889
2597
1985
3220
9008
8550
7655
9558
1542
9973
7311
5333
8533
371
2089
8929
5942
4931
4212
3781
8819
2162
7913
9645
2888
8440
9971
5384
9283
9328
2222
119
5188
9578
6708
7428
5856
3938
6006
3416
1538
8124
8292
1364
8641
709
5521
984
463
5441
6455
9498
4751
1935
1216
3221
9231
1933
8329
5654
9765
8153
1509
426
2379
6502
3715
5940
319
7735
4266
4990
2292
2502
2371
7371
6702
9384
3874
6842
4283
9988
6529
1868
732
9037
1911
8454
3455
2974
9719
6586
7456
5430
8197
9781
2002
6489
9869
6903
1655
2492
2708
6669
5718
5123
8979
7526
5120
219
1997
8083
1121
6453
512
352
3442
6664
3853
3329
8916
3922
1467
3685
9295
2479
7735
2446
9603
3930
7158
307
704
6081
1553
625
5185
8478
1311
8768
6254
8037
4483
4213
1304
9948
2241
1200
9218
378
3634
3171
9743
7127
9221
2496
1910
7640
1290
5213
3817
4426
5494
8829
2606
9533
7886
8175
2513
4062
7550
4656
688
8145
1062
7354
5203
1184
968
2187
3669
4914
4853
1157
6828
903
5265
7829
5388
6253
1578
5527
2276
9588
6184
6318
8392
2021
8485
182
5722
1045
8328
8938
528
1254
5862
7092
1297
2560
4598
3269
9483
3470
3415
548
7578
359
3419
172
8886
8007
5574
9603
4098
5752
5248
9512
9331
4972
5205
5670
9548
4145
6354
5274
8141
4394
405
3598
4333
557
6165
2919
118
5063
8253
1075
193
6828
4553
4556
1872
5841
8864
8754
8821
9582
2171
5362
6026
9603
7819
9431
9532
2308
7059
3630
9824
1791
3143
8229
8170
7074
7092
8984
9931
8384
231
4470
9467
7735
1949
2592
2577
3913
373
995
7555
9868
2417
8901
5820
6019
346
4051
8080
6162
5055
1178
6949
8388
6761
6853
8923
3487
8289
2296
6228
5769
7072
2169
8423
3723
1027
6868
5008
2438
4743
9946
8111
1725
88
1703
2403
4109
8570
5017
6318
4019
8608
318
7490
9809
6075
5554
4363
2155
2553
9103
153
4130
2006
8831
1610
9600
7972
5344
8738
8448
2176
4712
6253
8882
9904
5039
4758
5756
3958
2375
4760
8558
3252
4190
4528
3912
7627
8165
2951
4966
5601
6880
4614
2001
7280
1748
9950
5307
5188
1599
3449
5313
9075
4504
7456
3455
4467
760
9786
1781
4397
6407
2692
2147
6630
6895
882
9439
7055
8552
3871
9162
8722
5207
4341
2139
2335
9327
133
7962
415
8180
2572
6649
9256
8803
554
2427
5762
3099
7137
8147
2389
2337
4051
1878
9040
6151
5142
3452
7052
8750
4997
3895
5157
1119
8586
8701
8221
9869
571
2452
7197
4419
6513
4129
6846
305
1639
4414
1721
7417
3816
487
899
3691
658
6645
3038
2724
2849
2181
9440
1521
6222
825
1833
3929
2436
8813
8374
7247
6323
2328
1010
7932
7587
3898
1388
9987
7663
5377
13
4625
5047
788
1458
2243
5399
693
7445
7434
2923
4338
6004
9232
1694
9874
814
2090
5020
4853
5989
1510
1887
6837
555
6841
9452
3027
194
2287
2991
4752
3623
9663
6424
6354
3599
678
4688
4509
5020
1007
3330
6100
6675
5755
4767
7651
2604
884
6902
6113
8519
7625
3695
1464
1585
1766
3352
3026
5122
2727
7601
4689
5360
738
5937
3028
9516
9791
2082
924
8937
9524
1324
2541
8665
5298
1154
691
1984
295
9014
2360
1870
6801
5381
5240
2432
1903
6065
8496
4381
2734
1107
648
3034
765
7907
4036
6397
2953
4476
4844
8982
4703
5976
9237
2446
8999
4531
6965
2701
4083
2330
3552
9929
4331
8666
7257
7905
3936
5512
9312
9709
4518
3712
5807
5727
9849
9400
4499
9642
3976
2100
7937
4077
4765
7941
5689
172
4717
8919
3151
4187
5311
4866
3267
8706
9496
9012
4705
2240
3009
4815
2161
2257
7882
2332
4668
4522
5603
6953
8061
2898
2788
3268
4453
8553
9110
6555
4546
9415
9203
787
8704
6315
7690
2938
9775
6608
9264
14
2851
7880
5823
8800
5506
7666
4741
8
6112
3482
8535
7312
7346
4294
1620
898
1409
2370
1248
7110
7970
904
9714
9073
6005
6557
2442
624
2058
8189
6505
3143
8314
2607
6170
1062
66
4204
1042
9650
4563
7503
315
7519
9437
2273
2164
5848
8409
1863
3425
415
2339
8944
74
4634
8572
2827
2143
9556
1428
4829
4983
7500
4123
4555
3155
7180
2069
6810
7531
2461
9314
2698
4427
5100
5728
5067
8627
2275
2361
2673
9821
3824
2646
5959
2571
6293
9084
930
5584
2737
5582
1658
5514
9733
6349
6047
7548
5557
8152
2150
497
929
9723
286
3870
4636
8833
7249
7818
7059
5954
9065
8060
3660
6778
1909
1616
7691
3666
3637
1414
9931
8796
7361
9186
8093
9978
7100
4262
8949
8868
9646
3790
3836
4567
2231
2172
8964
4102
320
2930
2840
7261
291
2154
3836
2660
8304
8884
4491
8726
6577
2847
5810
2535
6637
7879
7593
2866
4682
5387
5431
2832
3211
7400
5156
786
4776
776
3265
3211
3028
2032
7562
720
5552
4087
8772
3593
5134
4916
6888
1321
4842
3628
9197
5302
4246
2798
3796
1318
8049
1428
2442
8714
27
4776
225
6284
7098
6110
344
5236
2760
7468
6657
1879
5182
6525
3824
3022
3350
8910
1762
5567
4755
1595
9787
1108
5170
4844
1901
4199
7925
9585
1894
3808
1125
2125
2750
6549
6802
7236
3151
4842
4035
5986
9129
2199
6544
9972
1902
787
1673
8901
4247
6686
8352
9200
1248
5984
2968
2532
1408
5484
9924
2547
7004
6325
6388
8072
7292
7161
7613
5883
9654
2687
1565
8873
4814
9017
210
5190
8491
9279
6006
1565
8294
2130
9416
1679
3516
950
9972
7707
792
7393
3800
9935
8024
5103
8423
4201
2007
5386
7379
6397
2929
1328
6687
4931
8059
495
8936
1515
6843
2994
9388
2301
5786
9312
6629
2706
353
3091
5702
6939
4115
2936
919
8527
3642
7980
4743
2013
8925
5731
8094
3647
8003
9106
9370
3333
1359
6235
8353
6786
7679
1470
2000
427
3642
7610
52
1018
2137
487
9212
7526
7635
6852
6758
7887
2787
6646
2753
3316
7435
3877
4864
7602
7656
9755
8447
5921
26
7842
4675
5461
4898
1789
4379
7141
6008
8125
2066
5928
4046
5052
8565
6172
8763
9355
1769
3073
6503
1507
6411
1614
3649
1222
4685
2730
334
2459
9211
8524
7292
7442
2150
8574
1757
7594
1673
5668
9678
1829
6054
6687
5413
4940
6343
8674
1000
8289
4058
8297
9195
3648
7937
7683
5100
840
2408
6268
5720
9722
6679
6272
1492
6388
3308
1668
6326
4251
1914
2358
8612
9172
3949
8066
4248
7839
9474
5672
3195
657
7462
8646
3730
5778
5863
7617
9335
1207
1929
2480
4413
364
4161
3098
3082
7835
8925
3997
4982
1352
8516
5215
7155
2389
5585
5391
2831
4665
4518
9996
9969
69
4064
9042
5763
2174
2613
9044
8873
4979
9487
2891
1853
6832
9868
2085
1968
6393
5709
3780
5958
8168
7104
6293
2535
4638
4840
3391
278
1089
1207
1511
1987
7269
6605
8518
9259
909
6386
2402
2987
2830
6962
3354
4194
3568
3228
6366
1571
6767
4633
3141
9356
6356
1861
6561
7110
5847
8552
701
7503
4314
306
9776
8655
5024
6609
3205
6793
6774
8598
325
7556
7642
2119
3675
8648
2927
6464
8086
4769
997
5338
4994
8226
4982
276
20
7782
3920
1723
5855
9187
9413
5310
3168
338
7771
4490
8261
5903
3531
1011
4636
8183
616
6340
4209
1568
3967
8466
841
4590
2861
5356
1899
985
5953
5011
6613
5965
2516
3608
5026
1293
3218
3194
2595
9094
9809
1550
1893
8019
8546
8854
3170
9553
5346
7043
848
9793
4126
9368
4504
1765
1957
3103
923
4267
2928
4362
7725
1352
6265
9145
782
6455
437
5015
697
3353
2196
7526
232
6096
2326
9552
3117
1906
6082
8293
8
3417
7682
2020
9656
3192
2658
5694
6869
5649
9045
2103
6152
9972
9315
2926
8560
1598
9645
4869
216
7772
3032
5138
9673
838
5609
5756
985
253
2297
7247
8467
8816
8033
137
8629
1902
6858
5755
702
60
6374
2577
2028
6412
2561
8504
5338
5016
3329
7412
744
1397
5622
7187
2069
477
499
1423
8572
4332
5804
3796
3104
656
9591
4897
4790
8935
7071
5221
1348
7868
1787
9353
9957
6167
186
759
1900
4900
6564
8574
2870
4106
9859
7445
3352
4433
5296
7860
241
415
5595
9266
1375
7783
3624
4354
4840
4256
3146
4133
461
6850
3686
4649
8065
403
6846
484
5095
2082
1702
3398
9787
6385
5830
6399
5962
1543
6342
7168
1578
1805
8706
5321
998
9187
9594
9519
9981
3744
5633
312
7305
7120
1572
7808
3980
3485
6418
6731
2483
6993
9933
7758
2311
1604
7035
7028
276
8811
7974
5041
5309
9586
458
450
5722
3498
2822
5463
8942
7180
8836
7685
6812
7439
6461
9985
1404
7227
581
3317
5523
656
8479
4647
9053
7877
9139
1264
5868
4564
5790
8724
5683
6304
1084
9018
3585
5430
3864
3583
3825
2530
793
6632
1266
5772
5671
8118
4843
5989
9776
1985
4261
6647
3857
3159
676
7391
7741
271
6536
9392
4680
3387
4887
4825
9240
6675
2199
1035
974
6990
7681
8532
2056
2986
8500
8429
515
2230
6785
4364
4670
854
8977
3885
2457
7139
8124
8096
3033
3254
2650
7794
9422
7537
9535
4889
3915
5843
9639
7659
9205
7444
3123
2610
5061
230
8279
2750
5877
4692
5182
2833
2851
4594
7180
4980
5065
5723
7691
5874
5086
5064
4492
5359
9415
4895
7394
7090
2517
9594
3388
4222
4678
5487
978
5700
3254
6531
902
6797
8392
9862
9546
1113
5259
8180
4327
5340
7699
2704
5877
8077
8125
2990
257
2510
1427
238
5440
6303
1416
4387
4292
9314
3927
8785
1521
3066
55
4492
7263
2059
2945
2610
2780
8509
1972
6452
1867
8525
8352
4110
8052
8003
6016
9954
6946
1311
9365
1945
7386
6322
1180
4117
4123
5329
1973
9812
1623
4120
2591
1058
5237
6707
2998
7521
7012
4778
6231
1970
9143
3778
3097
8538
2542
8435
98
4774
806
3116
5478
1936
1723
7541
5891
7768
9105
1640
7106
8597
5606
2372
8296
2710
9095
3775
975
2017
6991
1256
3566
6520
7063
4013
9097
9004
7293
7530
5244
2200
8121
2127
8102
5344
6876
1280
7085
3672
293
6005
1728
9107
2530
9790
4632
8166
632
2021
5420
2031
9339
9292
6603
2876
4935
1932
4382
5874
9358
528
9338
6579
7706
1576
9735
7481
6824
5420
2348
3450
6925
7391
5615
8586
4205
408
5419
6807
9755
3268
2825
6194
8090
2373
6966
1121
7576
3792
1934
2830
8457
8360
330
5636
6960
1269
547
9958
4979
9462
6611
7249
8280
6990
1516
5531
7093
553
2247
4913
3443
6334
6818
6345
7159
6214
627
9583
5999
9392
7365
3725
3740
3453
1036
6390
1280
7279
8728
9716
2637
6491
4648
1521
3814
9429
2081
9434
327
8804
3648
9360
4860
9096
3980
6795
6563
652
2643
19
1950
7722
366
4681
5330
1530
150
5076
4642
6092
6176
7668
451
894
5848
5045
3746
3453
6072
2077
837
7963
927
3514
3870
761
4117
4694
2048
952
380
9438
1491
5003
2444
5521
3689
5260
6241
1967
114
18
4967
4599
2958
7611
7316
7502
6165
2403
4924
5803
3199
2622
6497
8185
2590
4929
374
5092
1174
5085
9296
2912
1628
9936
6831
3745
3067
122
7441
7878
2242
8024
1981
2341
9283
2467
8964
1473
6350
4791
3446
7742
5826
1503
5516
6878
5121
1762
7002
71
2486
1561
2991
8954
5722
4091
8596
6457
3910
9947
2136
1900
6262
3034
6319
2893
2313
2505
8012
8314
5337
4488
1113
443
9009
3770
7100
7904
1709
8364
8506
3159
7542
4772
4543
9875
4559
8230
2430
897
4305
5524
8973
9408
585
770
4718
3864
3487
4548
9524
4976
8198
4139
9779
6851
9821
4906
8333
6427
7690
9139
7473
8279
5638
2784
2920
2543
7940
7910
4732
8401
6052
3276
7709
1505
3649
8821
8349
9712
8051
5083
6961
3121
4712
9722
9213
4125
7542
2132
1602
2934
736
4251
1324
7486
3970
7850
9489
717
305
8670
2404
9245
7203
7688
6076
6449
1892
3371
2464
7657
7734
6199
8192
8599
8483
7205
7523
8213
9762
7391
1062
5162
5586
2825
3480
4794
7633
8616
209
6672
968
4746
7174
7705
1655
7098
3362
9228
8396
7029
7265
202
6612
6250
9005
1191
8712
9780
3718
976
8169
8279
6771
4101
6691
6172
9319
4618
5569
313
5466
6601
1012
4906
7487
7753
5245
565
9962
1854
4441
2549
9518
8639
3563
7452
2145
1053
9363
8515
2518
5416
1348
4463
2825
1002
9206
9401
3772
6238
7666
6379
3145
8569
3202
468
5947
1555
698
658
6686
2995
6707
8371
1705
2134
8001
778
5011
2116
2214
7522
708
1189
9786
1883
8196
4446
2953
3553
9826
8756
4753
6890
782
4332
66
1106
1211
2414
6537
8512
8720
1062
1998
5321
1600
5563
7848
1308
85
4489
4348
4716
3390
7505
8830
2739
4503
530
1013
1550
4548
9057
6601
4337
8502
1464
1870
9432
622
3491
7441
3202
8880
2238
7546
6474
1640
8144
1197
3689
7504
6286
4153
2235
437
7442
2606
7802
6181
4117
9764
1809
6402
5219
9876
7061
4444
5219
9065
9655
4660
1586
6264
733
390
8268
6774
8587
3940
1694
2449
9064
3203
3298
7931
5099
8950
8774
2925
1020
4684
585
8631
2768
4036
383
3019
6489
1741
1566
1568
7016
1935
6296
7994
6204
6935
8421
6207
5779
5972
1537
1287
3476
8525
4426
3420
9659
6720
9490
7714
6651
1448
6753
3682
6067
4500
2957
5831
4700
2638
7021
4200
3265
2517
2980
2216
8826
1823
2459
8899
7759
2599
6638
906
8791
7558
8502
3158
9806
4871
2284
6319
9617
4139
5778
4221
1838
8399
6950
9155
1846
8646
900
5306
2956
4241
3661
2182
9346
1371
4042
3094
6416
1572
2935
2676
3675
6160
3867
3437
4159
2769
1060
1022
4319
7741
558
3077
46
247
3777
7011
5170
6238
2831
2523
4306
5899
7598
3761
4503
1572
4482
9810
8575
1539
6375
3390
5379
6702
4498
2435
744
7656
8848
7039
5063
5392
8674
8559
3571
4708
7970
4551
4009
8266
1241
9885
143
1391
5601
6348
5842
5696
1457
2589
320
2489
2347
8450
8607
7672
8336
5181
9165
2885
5981
1535
1024
9708
6974
7643
760
836
4188
2725
5745
354
4837
2322
1854
1930
1909
5457
4711
894
9250
5042
1756
7218
6313
9554
6008
9059
7324
9033
9964
3402
6115
8816
567
176
4762
1092
1977
10000
4868
3670
8809
5200
9060
8598
6266
2766
5280
2880
9360
9017
8336
7643
4663
4468
9139
2588
1513
6426
4280
2634
4092
9520
3321
2578
6584
221
4672
1884
2772
365
7209
8659
7727
4288
5022
2526
7807
3363
703
5489
3056
3159
3060
5563
9532
1405
476
4852
9840
852
3728
8973
466
6471
5329
8679
3807
2676
4005
8895
3476
1926
8584
9248
7818
1819
4612
6248
609
9990
8391
1244
4345
6641
8614
3881
6107
3378
272
8463
1589
8441
4960
3086
1552
6250
6621
8935
9347
7486
1252
9739
4263
714
8239
1399
282
2172
560
5853
3527
7111
9654
1510
9581
6106
4842
9403
3524
5810
8448
8848
2012
5862
2213
249
8850
5254
6628
5254
5304
1739
2623
6634
6699
2683
7739
3004
7558
5501
7350
1864
8217
9088
3799
9620
4944
3797
2366
7270
7240
5705
3345
4055
7779
8883
5926
144
7544
9836
7300
8344
5412
3116
4202
2537
331
5720
8634
7966
3983
111
7706
5637
9278
3506
8392
3422
2318
1383
7067
9105
2549
8111
8773
6239
627
9137
9719
3963
3329
5893
295
9496
495
8974
2099
5061
160
8456
540
6220
5069
1976
5692
8158
5124
1269
5270
1514
5862
4891
3964
163
924
1109
8661
6057
4746
9080
6272
1045
6353
9760
2801
2888
2578
3430
9680
8210
1343
3510
3230
238
6193
6864
9805
2961
7018
6152
7128
6100
9834
2118
7182
3959
8403
7152
6203
26
9979
2051
4336
6381
2171
2794
6930
9707
5785
9660
440
1807
1597
1035
8903
6957
2898
6251
9715
3630
6456
7093
8740
5481
2112
8642
1281
1984
6518
9275
7701
6184
9724
7204
1137
2536
5905
7405
1747
2337
7558
4121
1542
3028
3250
4764
2034
2477
4864
3839
1237
9395
7354
5062
5723
5989
6001
1542
9777
3825
2072
1697
2241
1717
1897
5006
85
6971
7755
2058
2692
6234
9454
3428
4935
169
7781
8790
2350
659
392
3428
1477
9426
735
6841
7876
1157
8901
917
5857
6879
6859
6261
2557
9113
725
5712
5171
1062
4559
9237
6832
8187
4788
9472
8781
7889
7488
1370
7086
5059
1576
3892
4249
8771
7903
1494
7659
1387
2822
1214
7323
1878
1623
5551
834
5267
43
5755
2692
84
4791
1863
4339
5915
6258
140
8710
6024
9978
5451
252
7745
3044
1054
2786
1958
1271
2234
2310
3609
6267
2299
9587
9744
6492
7321
7152
2654
49
99
5831
2225
7562
217
5458
4504
9783
5109
302
9646
9976
8289
9961
2903
2009
3348
6879
2147
9582
4635
724
4984
7187
2130
2736
8504
4791
7922
4777
2874
2071
9788
4145
5273
757
86
6745
8575
3955
2216
6195
5345
4381
1909
3711
5182
3838
1505
1089
4456
2509
7596
4234
4141
5835
9326
2940
6314
8014
9944
5913
5878
4342
7880
7869
8828
6812
2400
4858
1157
4147
4241
839
5638
8137
2573
826
9037
3465
5146
8953
1574
7985
6118
5226
7573
1833
8320
6605
7427
7234
623
3029
4543
9758
8142
3497
7846
1094
2751
9636
9483
1710
2173
729
6589
3625
8511
6243
7256
2905
5959
8068
560
7517
4517
7349
320
6533
993
3794
2048
2969
3554
4528
6263
3751
4728
249
8184
6743
581
1305
2927
8853
6667
3453
6912
734
9295
3343
6096
3094
4963
7926
9626
3042
4193
5891
9206
509
9797
7224
415
1847
2218
1827
3486
9039
4466
9490
22
6722
4616
2312
984
8595
1480
2184
3977
1588
2215
7178
9642
4254
4604
857
763
8011
9343
5084
2065
8377
5530
5585
8225
2179
4613
5971
5650
2897
5873
2730
6442
8166
5985
4133
2607
352
4768
5714
117
6401
1793
8364
5246
5649
9379
2409
9041
6618
2621
2320
6560
6964
7147
4
1909
559
5334
4006
7814
5863
8908
1820
7741
5017
2513
6598
7413
4764
4617
1335
4958
3858
1323
8895
7390
5308
8262
7387
9716
5745
785
29
3837
7548
8187
2936
6714
9034
5275
6311
1256
4198
2374
6009
7282
1488
1971
9454
3327
3471
8591
2803
4132
340
213
4206
709
6845
9358
6478
7095
4567
465
5875
6856
6318
6941
7674
3919
545
9373
3351
363
2051
6411
7189
6303
4181
9758
1785
8818
3216
1
3870
3625
6913
1472
789
9331
976
5581
7551
928
8647
3478
3099
7429
7498
1728
7023
3045
5903
7584
6427
8272
3769
6523
2647
8385
8487
3259
6090
7360
9761
2249
3678
8168
3594
466
539
2005
2756
7076
3552
9979
4234
3425
8542
2314
5546
7577
1332
2767
725
814
6849
4787
230
1644
9039
4999
5614
3881
4477
610
3489
7254
5849
9927
5532
8989
9843
9062
247
1838
2082
4259
2495
7892
7428
5098
8381
1082
4076
8274
7560
63
928
838
1017
9290
638
1137
6340
1406
9396
4098
6415
3237
3068
1263
4691
2862
8144
6829
9138
7119
8682
2645
966
5356
6432
1100
1828
5780
5846
9263
5000
1985
8042
1046
1753
4002
3663
5288
9986
2018
5579
3339
9910
9564
4561
8581
2444
19
1276
3349
5607
7954
1563
4852
7821
2347
5793
2016
6678
835
7707
1514
4300
7694
7142
7422
6515
8553
4685
8212
5993
3847
6021
56
3017
296
1997
4406
6572
7919
4524
213
5867
8972
296
6619
5617
7638
429
3175
8900
9491
5249
5231
4453
8292
384
4526
8055
171
9023
5260
4263
4108
4586
255
3217
6593
6238
9554
7905
2679
7241
3342
792
8396
8606
7932
7126
8211
4330
7632
163
8776
6768
7371
7568
7349
5098
3826
8725
7593
9630
4118
8599
3808
2273
4570
5172
3235
5209
9328
5325
2316
7669
7664
5879
1378
4973
1951
5837
3197
6556
3657
2135
8987
1404
2765
2363
6124
8142
8522
9673
8339
1149
7944
9744
8454
537
8348
5933
8450
950
209
263
940
3962
2163
3172
7108
7430
399
8823
299
5305
1522
6712
7909
6956
1933
4280
9066
4883
6374
6909
3504
1798
6139
171
5604
9884
947
1795
5363
1812
5620
5604
5889
5286
6438
9218
8979
2210
6100
5288
7880
5032
9306
476
4699
3223
7336
5908
8343
5667
2945
2488
1520
5977
2535
5545
1528
2373
7170
2680
6735
40
9738
9342
7717
5261
6394
4477
1387
1640
8764
1220
8692
3265
339
8945
213
7047
2682
5232
8173
963
7888
1294
8508
1464
6709
1583
5991
926
5882
4143
60
8736
2127
5103
3054
5128
35
8811
7655
6580
9790
6834
1585
5008
9245
2191
1130
1689
6634
7544
8275
1029
4988
2397
8447
8653
1858
8041
7358
5149
8471
5004
1920
1379
3584
4825
4992
9690
9678
4831
833
1166
6181
6152
7557
7210
4994
4870
6854
3124
4069
1831
9455
7384
5037
692
9966
1693
5265
8506
3188
4005
829
224
5527
4478
2915
3239
2642
8389
2566
3239
8891
3972
2808
3348
1027
8634
8759
9060
8243
353
9509
4191
8042
5100
5293
1245
9582
7148
5268
7639
8025
2372
2026
10
9305
7630
2398
1588
7154
5731
6772
6566
7685
6545
5716
8031
6445
6616
7932
5661
824
21
2504
6973
8925
8223
6177
3357
5840
434
4327
8535
5141
4031
4321
1839
9621
3231
2072
7729
1771
7826
9503
1833
413
3730
1907
8802
5961
4370
5280
7806
7894
6760
3409
3681
9647
8333
3729
3192
9032
8577
5238
6387
3219
3362
9692
1008
1455
112
9366
5364
8302
739
5033
5994
5088
8955
7949
1018
2214
2505
8004
7291
7580
1293
9767
8081
9269
3902
7366
6885
4867
6275
7018
4156
8892
5683
6879
9589
8447
9967
1659
8787
3556
3797
6500
9239
2696
2170
3385
3396
5514
3810
3320
9955
6679
9779
5947
5956
8914
6538
9373
9620
3406
6061
9603
1139
9990
930
7602
1276
7341
7327
6075
7497
2200
8338
8850
2507
1700
847
866
4555
1400
7972
2638
3999
871
6272
5678
4683
2599
4555
6711
1581
5259
8377
1053
8714
2995
8690
11
9119
363
8270
6194
7278
4226
9360
7605
6713
2142
8531
5154
6495
6799
3389
5661
3810
2480
1181
10
6564
3256
3034
5724
1703
3479
7133
6979
5751
9277
2919
2022
7095
9739
9837
9897
3872
1324
2495
2392
3039
5444
6641
9356
8373
6904
7062
594
7865
9840
3271
3189
5895
3031
420
5447
3182
3971
6597
6799
9444
214
6328
6178
4078
2784
6535
7748
1382
7767
7887
8526
4437
3554
8221
6064
5053
7889
74
9765
5120
5380
7550
9409
3310
7172
3879
1725
4100
5963
4393
6452
4916
6754
727
4370
9653
7441
7021
6951
2464
1238
1716
2997
9452
4765
7179
7106
4513
8019
4901
4163
4331
877
2457
3989
9617
5643
6291
4000
4171
7751
494
3877
888
5712
2889
8384
6930
8641
782
2337
8881
1349
160
9998
4453
8129
2402
3516
7722
5033
4422
2986
9851
7092
4937
6526
4385
5074
5624
1047
1217
8284
1484
8476
7735
3724
6321
9168
3729
303
2152
4525
4294
9541
4368
2758
1511
4853
5928
1836
6813
7215
377
9789
3524
1037
9625
9388
228
1512
656
4215
1284
6597
7613
2834
6097
7897
5629
758
1956
3404
4326
1116
7671
2947
8060
871
1803
3967
9170
8990
1028
3359
1699
8473
2789
2494
439
2274
937
4291
4958
7834
9070
8534
9379
5821
4230
5268
2607
8561
5963
2835
6421
1814
6934
7077
2919
4369
463
8197
6997
2864
2194
8444
2303
8194
6477
4425
3117
3369
1972
7860
9053
3001
3237
3387
3214
6432
4690
2677
8422
2905
6065
2159
1717
5113
3813
3216
2717
5865
5773
6127
9576
3208
9309
3123
7638
8417
2923
3183
5514
7176
6963
2733
4388
4061
7392
5762
5093
2530
3704
3810
4539
1476
2337
8703
7974
2578
1746
9564
1880
4784
724
6991
7627
8867
7125
7325
5126
6600
1772
6788
9008
6439
2973
5371
9806
3940
9126
4734
7763
3653
3217
405
6985
7830
1647
8157
9304
1016
4767
1955
7968
7107
3062
9363
5209
6773
7912
2286
6158
6996
3309
6844
7290
1387
2256
9868
5105
7372
9519
9377
4921
7356
4775
8827
3200
7358
1569
6480
4917
1529
8403
3518
510
7477
3676
5657
6365
2986
5987
1317
3564
4345
143
8314
9539
5496
2183
6836
1723
4077
582
3529
3278
2577
5618
5715
7361
4687
8220
6446
1011
9328
1553
3
6067
3219
2774
2563
5758
4654
7977
3036
7087
3269
7681
3560
1086
3046
3181
1801
1085
2834
4621
5831
6982
8006
5110
4828
1794
3564
7431
9658
5638
9369
9674
5489
7478
9178
398
3036
9322
8232
1604
1989
9590
1149
1179
1760
4623
2143
6005
9109
5992
8862
8812
918
587
1386
9290
6093
8861
9749
5700
1120
3793
581
3008
7828
7210
7644
1132
1362
54
9598
4734
2923
4640
2467
6603
1637
7952
2990
6313
3451
6897
9536
3405
8818
4087
5472
2661
6275
999
5113
1147
4874
2159
495
8216
6276
37
3999
8319
424
1910
3791
8032
7797
1755
8276
3713
1700
683
5861
7559
1
5905
3187
2718
8388
9462
5130
350
1858
1847
9703
6767
7975
2292
6042
4790
1145
8940
1476
4807
5866
5624
5277
6693
4358
608
8766
3473
9882
111
4350
1583
3175
818
3260
5547
2550
1532
1984
2409
3298
331
7092
8970
7497
352
5952
8026
4091
8081
9136
9109
5525
9722
5499
9719
5766
416
3299
2317
5710
4850
3208
6370
2954
3928
6924
9045
735
5762
6737
6700
7883
8214
7340
3987
3929
3069
9557
9778
8020
3866
3647
1158
1145
622
6452
1321
7177
2249
2055
3608
7533
3111
9722
9505
684
8295
7788
4330
6972
7140
6449
2605
3781
1410
8985
6291
9780
1577
4771
9210
5917
4117
6291
66
9699
5343
5418
6837
6607
587
105
411
5454
7335
8408
3958
9498
4384
311
8929
9631
6786
662
3680
9839
263
2622
1011
877
8689
2911
3296
1625
6187
1073
6963
2878
3054
704
1968
2503
1417
2367
6131
4082
1420
3730
2046
4450
6742
3174
2551
3695
8427
2515
9635
3708
7383
5657
4558
9450
1440
8953
6274
1698
209
5445
2247
8539
5965
9314
638
8096
8763
658
8447
838
4548
3650
8028
3230
5890
264
4707
7415
967
7139
2023
6471
5440
3977
5126
3137
3759
7704
1785
9414
8725
5183
7253
5864
3177
9918
1023
9012
185
1718
2189
7475
3057
7750
1039
6842
5853
6171
3618
8025
8232
1454
4523
8054
6348
1050
2234
1134
5835
5118
9781
8277
6148
9068
1737
1801
4106
2146
102
1471
6653
8745
2973
2515
5178
8427
8957
6078
611
5820
7500
9907
9792
8117
8451
979
7401
6273
2854
2814
3401
3393
6649
5860
4516
9522
3466
3765
9211
1646
4006
5724
9386
7025
9412
767
922
8152
6763
1424
8522
3291
3077
6902
5477
1076
2734
1674
9579
663
9904
7736
3544
9811
8777
7194
2928
3492
4063
7775
3082
650
7486
6823
2994
4386
4182
4608
7384
6173
1829
358
5480
7618
3982
7548
7550
4866
1666
1496
3182
3304
940
4351
6457
1366
7730
4336
7596
5577
9658
377
9203
3635
6253
5120
886
6192
767
8164
735
7832
4314
6820
1250
3842
543
9683
2643
757
2884
2545
8661
2861
2045
508
3
9866
8
4334
6978
8003
8234
5191
2240
8869
7015
5534
2891
4505
380
9218
3085
4304
1843
9062
7985
1397
7045
1583
7957
2942
5575
8676
9646
2609
2974
4282
7834
9701
481
362
4923
8017
4259
6436
1043
9806
7839
5727
2060
9583
4889
1503
2165
8752
8022
2943
8752
9086
8711
6066
1621
1815
5469
268
9543
186
6058
3879
1037
2577
2693
835
108
705
1482
9189
7268
4879
8828
7556
1619
810
1718
481
3523
3348
4111
6291
2921
6029
9930
7804
6929
3091
1735
3621
6352
3929
9681
2588
6703
9798
6014
2740
2096
5841
7013
3026
226
9919
1548
5010
5923
1709
4553
6379
4205
5565
2971
9500
1768
1102
469
3350
2433
3612
3058
1851
4274
7552
208
1916
1649
1850
6951
8836
1925
621
9747
8631
5662
9942
8821
3979
9769
2018
2966
929
8996
3536
9970
6484
8317
1661
1951
2921
3338
7166
8840
4543
2404
5819
7622
3826
6073
9374
3590
8213
8894
4212
3839
8907
6047
6936
6277
6367
3885
2453
3225
2188
184
3206
6871
6920
74
4327
7549
7294
6854
8090
3493
1109
7941
4067
5627
4333
1652
3903
7734
5810
551
9553
1781
3248
6163
3543
1408
4919
2615
6738
1236
8230
6407
6297
8759
8034
816
5198
2495
7993
8393
795
6596
4363
2242
1919
6498
3898
7050
6543
635
9883
1881
1469
6424
1475
8265
4764
6063
2043
7405
4189
8553
4221
8598
7299
9169
6431
2248
4543
4304
5117
3084
1612
6217
5745
7687
7258
2877
9233
1597
7240
4004
304
3579
4860
1905
8362
6676
4069
8481
7836
8249
6382
6516
7952
4671
1378
2120
5722
7861
6532
8533
2497
4487
4605
8851
3645
6889
6656
6673
9390
7720
2885
1301
9611
1995
3695
9535
1423
2132
9669
298
847
1864
1504
1642
5269
3856
5456
3307
3927
5221
7448
2690
4323
6502
783
1876
2622
6630
3057
2100
8667
7877
5690
2400
5243
8174
2820
5320
8055
2390
5312
2104
1642
3992
4968
66
1229
7623
2804
4194
341
7941
3754
7314
9510
3479
5972
8023
7625
2311
4762
2502
4293
1614
8658
4504
1591
1162
2540
5341
279
237
9393
9117
5933
5640
9341
2705
7783
6223
6714
9887
7067
2055
8110
5432
7818
6521
1695
6057
4041
4958
669
7739
7597
3960
9472
3408
2982
8660
5397
9616
9450
4016
6769
7322
6142
2348
9860
7161
6345
774
7058
6081
1849
5087
3866
1132
7957
4877
4637
9023
274
9865
403
4232
4416
8451
959
6712
1427
7996
4530
4287
6405
1382
3154
9012
3522
7645
4144
6984
7609
301
5176
1192
4974
3177
9992
3303
1250
2745
3181
9670
4465
9997
5091
6028
5998
6886
8571
13
3689
1769
8801
7521
3714
7402
146
1668
9518
503
1821
9419
2905
2723
3100
3751
7373
8588
1254
8444
561
8797
1936
892
3772
4830
3610
3921
6498
4277
6585
4862
9260
9641
8594
539
6225
4587
436
3174
3866
129
1157
8527
590
458
3241
4281
7543
7794
6160
9781
2833
2137
568
2907
5702
961
4331
1927
8894
8350
7855
4137
7748
8239
8520
6452
2384
2361
8275
7056
5345
83
7919
7169
179
9702
3819
7995
1209
4768
3395
8879
9327
5249
8609
634
8555
2830
6627
8356
9645
535
9324
7496
9279
7870
2627
7658
8808
8051
9031
718
6202
2839
3091
6398
5986
6138
3896
6413
6311
1724
1851
7975
3597
613
1914
9944
2904
9965
5114
8366
5176
6869
1071
6017
7300
7171
3414
5024
5076
2526
2943
8333
7157
307
2536
200
9414
3396
5375
3304
2314
3699
5361
4444
6541
8599
9873
9666
1481
168
3393
5212
5678
9562
2622
330
3292
128
6447
3009
3452
9562
8824
858
6770
2518
9546
6333
7817
3748
3520
9196
1609
2948
4593
3016
7418
422
5808
3282
1378
3591
8729
73
4979
3608
3437
5051
651
8983
3179
6236
9674
3750
6794
2877
3190
335
8466
8847
2433
9342
6830
5676
3220
7311
8456
7131
9553
1144
2898
6036
2962
1985
5008
2496
7578
2930
2993
1885
7382
8145
154
8682
7020
2198
5940
2407
6217
3459
494
5486
5833
3552
6948
9317
6618
6779
7218
2402
8708
7967
7147
4762
6894
4333
5427
2630
5910
9437
2966
3183
2864
91
1167
7082
3336
588
5152
3654
597
4911
3363
8394
2599
4829
8738
327
1979
7920
5341
6972
3885
2950
2570
9112
1338
5967
8907
9302
8467
1898
1464
8835
4276
8916
7095
8127
4911
1197
9948
3001
9601
7355
4564
9999
6371
2682
214
9919
5455
237
8871
1886
2202
2787
4629
656
4096
2805
3131
5527
3244
2621
3204
6817
7631
1595
5626
9796
4345
2189
4566
7970
3521
8615
7914
39
4550
6645
5538
9094
3815
5979
4511
211
8600
8551
2625
183
7341
5168
4368
9880
7915
2737
6494
4555
4195
8625
2109
9430
1070
6206
318
4551
7378
1343
1168
5513
3221
624
236
3160
1189
4220
5375
6927
3428
5169
6638
9433
6453
206
4053
956
2732
9231
960
7305
9650
8274
2303
4383
6972
9386
6796
6412
907
9441
6814
8352
7731
6047
8171
2000
5073
2885
2767
3473
2732
7521
4712
8467
7592
5432
6656
7952
2376
8658
879
7093
6958
550
4427
999
2686
7492
1983
7008
4177
9016
2403
324
936
7245
6814
5083
4436
9092
5307
2881
2925
2473
6486
5784
9352
5580
3909
213
8313
8131
4806
2019
6099
6292
9141
780
5838
3343
8422
471
6908
7295
7468
7167
8767
4497
2940
2474
8285
5369
2179
6144
200
1388
2927
9755
9696
1947
3550
3934
1253
2555
7750
6712
898
2470
4683
1194
9278
7909
9957
6442
9894
284
256
7478
683
2409
8617
3110
9852
837
3322
5006
4500
9470
9494
134
5858
1808
4090
4745
9463
9219
3459
6084
3692
8710
5664
4391
7093
6291
4911
4783
942
351
5785
1779
5342
1760
3190
2123
1876
5750
3530
3101
6833
7436
8221
3493
9141
3504
3950
4032
1223
2025
1001
9741
6581
4112
2854
1244
217
2919
5727
6727
4020
4742
6712
6184
754
431
6664
4074
7884
386
1308
3265
242
9313
5756
8308
2431
4528
58
4236
5511
797
3800
966
3240
5788
4719
6570
8045
6922
956
5025
6918
4512
1912
7471
2784
5521
2723
9826
6112
9073
773
8594
1040
8394
6777
1063
2568
2135
988
4367
3996
5263
9444
3522
788
4840
3059
7998
8817
641
2343
4116
2025
7367
2615
1135
2283
864
3998
8545
709
5129
7823
9019
7244
1914
1550
4305
5009
280
3505
7892
8935
7083
8808
4981
8413
4843
8720
4849
9217
2867
9410
4762
5069
2267
4989
7229
2500
2133
6026
4070
1179
2485
3583
9213
6671
1911
2290
4075
6821
3895
5623
3488
1652
8210
6592
4373
5279
9726
8420
4471
462
8548
4085
2568
9651
22
3197
2537
9029
2258
7615
5908
8906
9886
2280
2245
403
6468
7623
868
299
5948
1479
3454
7591
4899
2
779
5249
9585
4854
2370
5156
4462
2111
561
5944
7816
7011
9361
6431
2034
3155
5615
716
7613
9424
6646
388
451
621
9612
9
6649
1352
3405
8163
2416
7831
581
1091
4486
6280
6304
7932
2399
8160
9855
5044
3687
6408
98
2078
9533
3373
2393
7588
8670
840
6769
3207
2619
2946
302
4602
5685
5932
8097
7271
6759
9596
6006
6957
7651
3928
3440
1468
2116
660
6841
1338
9068
8359
9947
6943
5930
1320
9001
9503
3177
4095
2609
5187
7906
5972
2178
9168
4131
893
4654
6187
7301
3631
6847
5356
126
1176
7870
4197
4221
8705
2922
7513
6409
5491
6020
5055
5824
8090
4879
9981
5422
2135
8533
3820
5679
6304
4252
8762
2255
9614
8242
7006
5788
6277
356
6308
1856
7871
7203
6248
2384
7105
8020
4912
9251
2345
3731
3831
5068
9895
1830
6083
9432
8063
5602
351
4863
6488
4762
6004
5142
3124
1994
5376
7214
2388
5061
658
9863
8935
653
9412
9484
2752
3748
1850
9408
4883
4001
941
6429
761
3123
726
1950
9711
5366
9544
8146
1858
4231
3975
737
4078
5118
4449
5223
6864
5392
2885
6993
2782
7140
6825
4488
100
206
2360
8406
6892
6344
5470
677
1402
5394
5199
2481
937
5797
8629
311
6151
1798
5769
9134
6009
395
9593
1586
427
3293
5115
3402
1371
6136
2393
2198
4552
5904
5319
4143
5273
2319
8668
4322
2822
3722
5438
713
2550
7616
8778
5708
5987
6974
578
7533
1281
9266
7905
1317
2469
5811
2267
24
9871
866
1679
3433
5604
9445
4826
3444
361
8350
1181
6094
8143
4953
7948
4115
1863
2020
8624
6886
527
1566
4609
1816
1541
9114
8535
2935
986
1227
7563
38
7951
5529
8069
6359
9380
4379
319
774
7267
5510
8882
1648
4103
1578
4958
3500
2506
5667
9306
7039
750
3277
2500
7608
2155
84
734
7298
7209
9137
5259
453
3125
9316
3710
6207
6834
5233
3600
5082
5334
1290
2014
4631
4910
9134
112
6756
6776
9590
7124
2499
6464
1891
2869
2991
6055
4510
2804
4811
4987
3972
9575
7749
5656
4999
3106
7578
7699
1109
2363
9374
2147
8240
427
8708
5622
3563
6514
3181
5265
6586
5317
4878
5068
3076
6191
8093
9370
7825
8783
3693
1215
5548
2838
8401
9932
4310
8403
2582
6037
9219
9711
1814
4911
23
6424
1739
8626
4695
3798
6567
1019
1085
5302
4206
3997
5710
9698
2685
5856
8688
8499
9644
6881
4423
4589
1686
7194
5488
6936
9788
1967
9458
7922
2253
5400
5329
6028
3814
7668
8968
6522
6798
8937
6768
3312
7276
8742
152
4465
7543
6093
5127
4485
2266
966
4842
6754
5191
8
9833
9951
3526
6119
2795
2073
6423
7278
3584
2451
6425
4028
9028
7893
9213
2069
3258
172
6427
6786
1535
6353
8026
4072
9891
2326
5564
3599
3725
9967
7328
6920
2889
9123
5624
6862
3239
5055
9719
2003
3731
1307
4021
8062
5086
8072
7425
3726
2580
7647
3930
2191
9250
9524
9520
5431
6886
4021
8404
939
4831
8838
7197
4847
228
4124
3764
41
3114
6179
8256
1203
3971
268
8826
3454
5755
4643
3622
8548
714
6062
2689
9350
4018
6784
1918
2053
5230
1246
9960
9059
2000
4564
2275
6813
7971
1699
9582
4080
2767
5847
544
6355
5995
1910
5048
2179
5968
6137
6547
2081
2514
4654
3446
1056
909
3657
9328
5399
9287
2478
1670
858
1347
4435
5136
5151
8536
725
8410
7325
8220
4669
3704
5874
1599
6499
9067
606
2187
1499
5099
2759
6747
9777
7229
8503
2554
2952
6239
3723
9274
3415
2420
2568
8211
459
2315
4372
596
8993
9119
1934
2529
6753
173
8549
9864
1251
6742
2261
4049
6438
1290
5948
2660
4453
7130
6011
3199
3554
6162
7008
6490
629
4722
3155
9007
7546
8274
9939
6711
9702
9354
45
9451
8640
5891
4760
3231
8907
7711
1105
1417
7034
5035
5045
4025
2089
8138
7965
6783
4932
5340
5843
4920
3444
6654
7275
7780
5212
4746
7493
842
5046
2664
9199
8316
1553
8681
7005
3548
1317
678
7666
3100
6540
5220
385
725
8560
4993
271
6295
1908
7929
490
8171
8089
8088
1670
417
7667
582
239
3511
397
8736
3476
2143
9686
9039
7712
2556
5531
4451
6179
7976
6553
6040
9747
6067
9961
6923
9429
90
2188
9862
4403
8195
8904
1815
9190
8806
4112
8140
180
7091
7520
8001
1402
9469
2928
8953
6743
8429
8513
4833
3553
4405
8032
2963
4912
1148
9822
1230
210
3152
1835
1719
1900
8949
1393
9209
1485
2797
7860
8324
9550
5134
8187
9642
5558
8412
2924
7000
4314
5652
8672
9853
7606
1745
1438
7222
9779
7694
9810
6342
3413
9048
4537
968
8041
8825
5850
1802
1239
3535
3095
3683
8823
3580
4682
1795
733
7682
7608
2734
4067
7131
3040
5992
7736
9691
478
3886
4239
6041
3807
9722
3275
5545
6986
3555
4601
7730
455
7141
6795
2113
5613
8075
5695
2808
3331
2578
3529
2849
9908
5881
2826
4684
78
1259
3973
6045
4962
9938
8662
8631
5859
6095
5120
3587
9330
9317
2823
5200
9772
3781
1884
8743
6493
1022
27
1325
4735
5345
927
1832
7036
2667
3462
1869
3137
6678
7484
9032
2248
204
3212
5599
2465
4426
6412
3953
1050
6177
1577
11
1691
8899
7341
4252
9955
4597
808
11
7123
271
409
4265
9318
8191
3423
5454
5318
2216
8403
2171
3177
7702
6541
5627
4447
5543
4359
2215
6612
4320
4466
8816
5769
2173
7690
3982
9688
4779
2794
5567
1055
2083
7052
368
1843
9921
7775
6498
9831
7833
3987
3344
9794
4457
9487
3609
6325
8932
5000
6323
994
8523
7718
3997
3221
8463
9722
4769
9868
1478
8103
5218
7843
1811
5227
2543
6282
903
2939
7265
5148
7256
5414
889
9287
5663
9310
7751
3395
4698
5613
5665
9477
155
6569
6499
109
2868
3299
8034
9445
4051
4576
2874
7597
8615
8141
1769
2357
5317
6139
851
9457
3237
3701
6067
9279
9497
9490
3828
8134
8963
5382
36
704
8428
8274
6888
7352
8017
5945
9160
3852
9296
3278
5991
4098
8696
5868
7452
4364
510
538
1651
2942
2711
2714
8429
8326
7166
5113
7556
9394
912
474
4329
3410
5686
6837
7580
1819
8120
2581
4034
3455
3813
2804
185
6264
2468
8755
9380
2089
9939
9849
5753
2639
4023
8011
195
8822
5828
5804
1375
3589
6526
7060
6333
1504
4555
7457
4892
1421
8061
6186
1196
6989
7210
2621
2328
4912
2121
2791
417
3613
318
5529
7169
9383
6871
277
1213
3339
4670
6687
7812
6341
2851
4497
9871
6160
6981
1478
8104
2203
4659
5824
9861
1545
8534
4911
5371
4902
4452
3304
1627
1999
5215
7698
8611
5484
2437
8344
7077
7406
9463
9663
387
3743
8077
8515
7052
8180
5511
6532
1832
2962
3185
6586
2809
6856
8396
4972
2030
53
1185
4507
2385
7756
5276
7853
653
5899
3101
3585
8019
6546
6346
7647
2299
5802
7777
1566
1737
6473
3311
1798
3455
8126
3653
4602
2268
8309
6249
384
2644
1506
3930
5126
542
3042
7429
8468
7055
7408
6480
9692
1481
2463
8580
795
6511
8933
8631
9102
1619
8904
7409
989
9064
2424
897
2059
7990
5764
3445
5618
600
410
1299
9331
6915
8641
2216
7264
5208
3528
8173
2288
9257
3849
796
145
1627
3925
8751
245
7290
3377
7184
2934
5677
6953
9043
1433
3153
2702
3034
6772
7144
9095
685
1019
4706
1464
4426
2006
1011
9241
2094
1029
3468
9007
9811
