9674
2479
2149
8053
3525
5729
3140
588
8431
4329
604
5071
2370
1380
4575
5661
2416
4962
7637
4693
8356
8372
4749
9673
5092
4328
8812
8361
5871
1595
6538
9917
8025
3585
1039
3824
6116
4210
164
5738
6529
788
3927
4199
9724
152
3432
5814
3586
7963
6512
9003
7701
4229
1245
9047
8868
6379
9664
3202
169
5076
7312
3394
4701
5386
9252
6236
2462
1619
5004
1832
9158
9025
1456
2392
7598
6640
7134
433
1537
2417
7745
6625
2396
275
652
1489
9508
714
6191
3255
8871
3231
7750
3898
4958
7067
6289
8268
2969
1469
4812
5496
9828
7588
7341
4495
9383
2093
4463
8367
8789
7256
3758
3730
4039
8006
3480
3107
5256
2140
3011
8606
4207
5947
8097
5052
5840
6606
3814
6277
3813
5312
1549
3084
3699
4485
8148
9171
1141
5485
1351
7554
5994
4831
2463
2984
5525
3120
5059
2445
1002
4743
9996
5418
1906
328
8631
7992
1737
6801
2864
4459
916
4726
8736
900
3539
5991
7879
3767
6528
9201
2291
1414
750
386
9102
8098
7802
8163
2770
298
9254
4599
5504
6276
9801
7288
5320
9330
6668
3220
5474
7869
1048
9487
5879
4422
6157
3537
4332
8303
7498
58
4892
4988
7667
4912
4582
3546
3777
3601
7292
6064
9973
8197
9449
5453
6527
7603
5846
4373
6783
6627
8459
1958
1720
2113
7009
5612
943
7618
2951
6874
5426
3212
9280
2922
7471
2985
1361
687
247
8875
4859
48
7339
9693
801
484
3372
4580
7164
6781
6140
1370
5973
7641
8640
1842
7916
1829
4825
769
2653
5095
7210
8243
3499
9140
1359
600
2539
5910
2073
4706
939
9298
3990
5724
8585
4537
284
8907
8523
7957
9657
3153
2055
3030
2515
9297
9164
9169
5173
2559
222
8121
272
8505
7741
1458
8462
747
8036
1435
3173
9109
9994
454
2958
50
4339
5853
3346
3532
2461
1359
5375
1602
266
1388
5462
2384
9961
9717
2993
5445
7867
9107
1627
188
1328
1112
6680
9556
8114
8586
2913
3039
9176
3266
8315
5797
6823
1980
2309
4967
5330
7087
6776
8278
8331
8646
8623
7115
832
5778
6409
1085
9583
5801
6539
1425
5094
9121
1518
9914
9640
6276
8364
904
3043
8536
7665
6514
6446
5858
7052
9386
8266
2938
8692
7117
7689
8882
3053
3456
2947
1363
6473
7415
4183
2325
1129
1155
6018
3610
849
8165
4095
8962
7052
4212
6805
3148
8075
9944
150
1029
4080
6059
1719
1160
7548
215
5396
759
1906
1611
125
4749
6667
7981
5839
5388
2037
5772
6285
3587
891
3593
9750
3660
452
5751
1436
9787
2321
5786
123
6256
4156
9517
3811
375
6020
5534
3301
6716
8577
9144
6109
2983
9334
4713
6458
3070
8536
3193
7234
100
346
3952
9397
780
5316
4162
7145
231
5421
8982
4352
1251
9032
2437
9046
4973
2435
9661
8881
9974
4797
718
2264
1438
5384
6392
7155
8029
7989
4125
4097
4662
582
7672
7643
5066
3876
2038
2993
4258
8221
661
8834
3234
8066
150
8480
6583
7951
9165
6840
1746
8345
350
3055
407
7240
4365
4931
9382
8025
2299
4611
1958
6527
4368
3065
1239
7138
8611
3482
8630
6266
122
1042
5580
9919
3967
4158
256
6514
7836
5176
3379
3332
6588
4316
4939
3155
5157
9719
5993
8872
8865
8521
4975
8117
8479
8322
4104
584
174
1370
5340
7295
2655
436
8790
522
6280
7947
2871
213
1695
85
3942
6836
6327
9629
232
1998
6528
6669
5504
5225
8451
3956
493
9984
75
5640
2393
8807
8094
4135
1778
4905
3484
1699
2785
7010
6903
1253
8735
6278
506
928
3361
2104
3788
2267
3754
7753
8662
3726
3360
4744
7516
8186
1963
8079
4352
5835
5116
3295
2562
3273
1845
9347
9789
7603
8677
8884
2404
6661
5914
8017
9951
108
8119
5039
1753
8373
9164
7806
7419
783
9875
278
591
4130
2087
1233
9755
742
5794
9482
6275
6429
1637
595
7125
5632
7547
8437
4875
1937
158
7538
3564
6736
8688
2807
5902
6218
3668
4403
5040
6137
530
955
2093
93
7158
9071
692
5694
8087
2333
9041
1579
8655
8684
6525
6653
7332
2796
107
8360
6223
769
4864
9764
5503
4353
5256
6477
9790
3521
2130
3309
3666
2170
1558
4365
6050
8658
1555
2841
4296
5821
5182
8548
7049
126
3800
2293
795
357
4466
6835
3260
643
1358
6889
4678
6222
188
8208
394
7222
7201
9069
3850
4088
757
5713
4799
4181
8816
2862
2328
2876
7754
3854
6812
1789
1599
193
6060
2425
4459
9360
2462
9118
1395
2466
7704
6068
9871
9520
1436
5744
4414
1164
7150
8858
1739
3111
364
6173
3991
4448
4883
1397
4275
1673
4959
9612
2720
4884
5356
2247
653
892
1590
7630
6090
884
4183
2629
4132
271
2940
1549
1550
5398
3304
3345
9768
1286
5097
6320
1070
187
2684
8494
3601
1471
8448
6068
8260
3970
6032
9862
1776
8232
8672
2257
4684
1021
1869
3760
5763
2797
4543
2946
2137
6840
8573
9114
2859
6816
9031
2886
2433
9515
2988
6759
4142
9108
5217
4412
2461
8663
5265
9646
5115
7847
1507
3931
6209
20
610
180
4260
3301
4847
3152
3442
4355
352
9484
2536
6058
2529
7113
9532
7962
4272
1871
4135
5426
1328
5555
114
2885
7088
8137
9686
1113
7642
6961
8050
6422
5722
1073
1023
1133
1277
224
9144
8553
9082
6636
3502
3348
9279
3838
9119
2716
7949
3667
5739
9140
1498
5839
6738
3395
7979
22
1706
9594
6134
6758
2642
153
3309
2282
509
984
1138
3404
7631
9943
2635
7156
8081
8001
7376
801
8473
6878
2992
8739
6499
5429
4520
5623
2728
4079
7563
8289
1692
7915
2210
3116
1341
634
7009
1387
2233
9078
3409
3741
2337
107
6618
4444
7394
5469
8230
1693
3639
473
431
9589
9726
5910
8481
5840
4601
5175
9941
1710
9791
566
5604
2255
5061
9316
3619
532
2943
6081
6395
2765
7896
6578
2136
2755
350
5356
5597
3847
1061
7422
7477
1409
1278
5765
1847
9993
829
6828
6355
4747
88
7521
7409
2989
9798
4426
1090
1826
1399
9251
7998
1669
8276
3925
9882
9542
5251
4017
6118
7092
3687
2221
1822
1999
7647
9823
6430
1790
4492
6454
2994
502
2008
8395
907
968
4389
9645
3655
1158
3785
7245
2583
6093
9839
9574
4649
8174
710
2607
7812
7450
2200
2886
1873
81
6411
8583
1921
4820
5652
5885
5053
2796
8698
6844
6574
208
3072
779
65
3131
3991
7823
1646
1363
1719
6210
266
5565
369
7331
4831
7908
3589
2118
5922
2573
4070
1509
1072
9146
6667
8819
51
3149
8413
2568
8824
39
8828
4652
1719
7972
727
4340
7641
1214
9307
9540
6132
5918
2084
7368
3965
5211
8037
4997
5583
4868
4960
9998
1075
4306
1008
3301
4377
5685
2615
3633
2069
194
8534
6538
378
3027
2009
5862
7775
33
5919
928
2931
5894
4032
8346
347
2868
6349
5652
1572
8172
4650
1436
8064
2622
2301
8100
3938
542
5867
8244
8216
8735
5981
1441
6557
8242
738
4083
3829
9758
2726
5567
9668
7516
408
699
6230
8501
589
4869
842
2169
1808
3787
221
8703
7004
2633
135
5629
9629
1688
1490
24
5349
4916
9568
3044
4414
386
6168
8292
8627
1535
2543
1653
8018
722
3634
5628
5004
2037
9234
9255
8930
1720
6176
5763
7945
5834
871
1278
5536
3718
2094
3428
4582
163
4395
2642
1241
7237
4791
7928
9280
8367
9185
7444
4264
4707
6097
7671
7932
924
4173
1640
4009
7976
3650
8167
4863
1724
5412
2285
6158
1555
9319
6147
677
9369
6008
1147
4293
9751
356
6798
69
9885
6726
6916
4607
1229
9743
4440
8954
7532
3783
4449
4038
7177
7477
9422
8700
4471
5534
5163
2600
3817
6498
3124
929
827
3506
4524
8465
9263
9879
7323
1344
3516
1741
8154
4589
1653
9126
9586
6855
5469
8780
8153
733
3329
6358
6071
7698
3332
9404
9114
786
5349
9909
8323
522
2225
5688
4511
4232
8211
3219
7074
5323
8485
9399
9475
9038
9273
9264
9766
3734
118
3815
7173
9359
8012
8793
6552
4116
1012
7053
4981
1695
1975
3200
932
4045
8146
1059
1461
4455
2744
2481
2607
9843
8910
6896
1033
4487
4451
9176
3576
1171
1432
5074
7471
7174
2648
1988
1599
1643
207
4011
3819
850
1807
2862
8987
5156
1524
3404
2202
767
1168
8738
7250
6848
7205
3649
8562
7744
1093
7154
5678
2193
870
9628
1658
5146
9717
6816
3230
1892
5529
2147
6834
8792
96
3720
2741
3695
2061
7613
4778
9365
9941
8639
8883
4382
2116
4637
609
1995
9700
1258
7051
2115
2190
7462
5343
7439
7561
4094
5462
1663
8636
112
9965
8934
387
6680
9645
9169
687
4465
4892
4402
9288
4905
4394
7064
3389
8200
4750
3456
6023
2603
200
8599
8419
4957
6829
7244
1076
4340
2799
4268
414
4983
8303
3705
9085
5893
9539
8185
8041
6911
3959
6145
3781
586
4871
9944
3923
7910
6494
5232
2757
3527
4004
3367
9176
461
5152
1429
1596
5870
4550
7089
8648
116
9618
2977
1173
3243
8197
3767
8062
1386
9652
8761
8273
3161
2190
9578
9888
7102
1782
2256
6403
3891
5384
299
2141
447
8326
1439
4544
7153
8449
3682
1096
5063
4943
3982
5147
825
7762
2998
4930
9425
2657
9376
5977
3342
1999
9166
2297
8141
8577
3886
8939
3728
7315
4225
6275
8919
2298
3167
6541
2130
43
3936
1885
4266
1899
9752
7276
8523
2614
1615
219
6247
9982
6683
3920
9990
4790
6048
9168
7943
2267
7171
128
7822
3106
6684
671
4096
6789
5569
2442
2083
1374
3554
1700
1387
536
8602
5929
1098
354
4229
8679
9032
6045
4754
346
786
7565
8735
200
4464
5011
7030
3993
2643
8808
8209
8721
6323
43
4230
8948
3541
387
6359
5274
9553
4819
5515
2323
380
1311
511
8591
3841
4595
7010
3037
6754
9480
8134
210
5592
5149
5725
2907
1339
396
5583
6693
4558
7742
3442
3385
5934
5884
8418
6215
3397
3313
7527
3860
3183
5142
8562
2393
9562
255
3391
5757
5400
9627
8574
329
7354
5114
2374
7451
9973
3992
3158
1823
7296
8388
2824
5663
3094
9867
9962
8100
1660
5337
7103
638
3600
6929
4627
4861
8087
398
7600
7686
8103
1113
4707
6780
3545
2675
6443
3518
1292
9778
4839
326
7883
9597
9522
2328
1932
6884
732
6497
2206
2670
9261
324
4475
8493
5194
8719
1332
9575
8184
677
4368
2348
9386
1854
3438
5310
7664
5309
7316
6281
6402
6980
5204
3834
4203
6679
589
8143
6405
9821
1705
7904
4757
8256
5918
6745
9690
987
7514
2810
4526
9242
949
5534
2710
5177
6979
946
2637
5885
7165
7138
1391
1049
3415
1259
1047
7570
9149
4749
777
9016
8350
103
3447
2116
8604
6045
4975
328
546
5399
7215
6637
2978
6906
1455
2155
6665
219
3604
5263
8605
2223
8001
6595
2218
7823
3077
3391
613
9452
5759
571
7943
5927
8804
1213
1944
9206
1607
6441
2279
2677
3858
7223
9088
8221
7230
3353
767
1723
3309
2544
9203
1759
728
2308
7891
9432
6569
7610
6287
236
2068
4828
4847
2359
9756
5590
4492
5597
5101
9934
1081
9668
2151
8962
1611
8522
7687
1817
3023
6340
185
6263
9781
7802
8824
6216
2637
5947
6605
4747
8001
1096
1172
9457
5950
8681
3668
1275
4306
4357
7778
4813
849
1255
6210
9466
3649
6449
4862
157
9844
9512
6868
6537
3744
7846
7421
4208
3203
8154
5968
9295
8285
5610
4982
2829
1357
2430
9503
4834
4520
9465
6828
3370
4764
8626
6314
8061
9653
1841
2697
7702
7393
5739
3946
2279
4077
4452
7797
6110
6385
7847
1083
624
8956
7953
3906
4872
752
6861
4919
4985
2918
3072
7282
5258
1960
1529
9005
1493
1246
4658
4712
4688
4645
2882
9067
4795
844
4617
8424
6410
5028
2506
374
8153
8580
622
2878
2526
1367
2057
4481
3497
417
8843
5466
3994
6786
6047
4372
5172
8181
2259
1890
2848
9336
4232
8420
7285
5207
3004
5612
4345
9932
8539
245
2005
24
2763
1816
1387
5413
3208
7501
5630
4605
3208
2312
6473
1692
1286
6527
4057
7552
8928
2273
2328
5120
6112
3827
1694
6339
9749
432
2547
39
4313
2403
2254
4475
9751
3406
4182
1942
1622
7790
6316
8654
208
8849
1286
6046
5939
4456
7707
5096
1093
8030
5588
5207
5177
9345
1698
4709
1505
2432
5663
7307
5689
344
1289
5413
556
6003
125
9028
8055
9139
9803
9831
5875
1310
2544
8913
3456
4000
3041
5339
5942
7018
2823
5508
4063
8615
773
1330
8241
5914
4478
8793
2316
598
9656
6037
3416
8615
8838
2916
9685
2881
4268
243
5785
9164
3166
6376
6776
9133
9526
6880
3302
7205
9465
7236
5840
793
647
7695
6048
9617
7359
428
3092
7950
1604
9687
3654
5569
609
1817
9487
8132
5188
5041
4720
1057
5745
7791
8110
2398
6356
1146
7550
8613
8753
7245
1400
8367
2550
5203
5714
1653
6424
104
8108
6646
1590
7306
6086
4433
2505
6146
5866
1329
4283
909
3531
3798
4825
4338
9627
3853
6132
9336
7871
8411
412
1972
5604
7268
6826
8162
4994
6613
2732
3296
5026
390
357
9324
3277
7490
4600
3681
3468
6890
635
5639
6523
7438
2895
9561
6785
7997
4666
4298
4855
2432
5170
3123
5531
6460
1471
4634
5118
4527
6879
7839
7896
218
8376
5124
83
7398
3438
6374
9845
5844
6874
2324
3057
2884
1136
4305
8258
8972
2996
4572
5148
9890
9383
2753
6668
3566
3368
1310
1855
1553
404
4968
965
5764
1506
1419
7655
751
6785
5317
9802
9616
552
2746
8192
7459
5489
8369
706
7912
3768
1657
1862
5591
1601
4956
6011
6650
6078
5434
8980
4579
1904
3309
2421
7359
9068
3521
5298
3033
8620
6861
3091
4701
1029
6622
1113
2135
8357
9086
1200
5977
8810
187
3156
676
1797
9280
634
781
3825
3387
8265
9194
9769
3905
6447
237
7320
3846
9680
7899
7961
3177
873
399
5864
2701
2714
6238
6197
5059
4708
8929
2835
4558
8113
2790
4663
3337
7761
5914
3300
7587
4599
9030
4288
2427
5698
9488
182
6301
8534
8007
7918
3101
9655
9619
3145
5342
9523
9304
5600
5281
6479
1303
3566
7092
7482
7977
5379
237
4179
1831
9096
8851
375
4333
6415
3457
4111
2935
7458
5123
3578
6558
4187
9828
3678
4619
2323
4547
4875
9751
5926
1028
529
9907
9567
1795
3831
2794
5486
5175
6097
1667
5831
3628
8037
8829
1395
8292
6624
722
19
7951
5857
5957
6070
6953
4258
7149
2624
9701
9901
2446
8185
736
1113
3348
51
8434
3328
7351
4091
4590
9626
1683
9868
1154
1511
2162
9690
3288
7269
6149
1544
5141
1402
4136
607
2926
8955
904
9351
9710
7389
7768
9978
5324
1909
1412
9465
3116
620
3071
4151
9078
8275
5045
481
7654
2423
8617
7050
1617
8361
4569
8068
8610
8302
1372
8901
692
1960
7584
3187
2089
9013
4586
5610
1474
1905
2517
974
271
8770
1725
3689
4871
6624
3662
3211
2534
3741
6408
424
834
8344
7100
6722
9194
6769
6278
5487
6865
3060
4392
5846
5105
8066
4417
6911
7262
6076
7512
766
9713
3789
2617
3550
5730
7501
447
7820
8398
3599
2983
4488
8237
5452
9535
3753
8738
8663
3764
126
7270
3153
414
8797
2526
3153
3746
6883
3448
4454
2125
2568
4548
694
5412
692
6951
7740
4638
4106
100
4147
1802
5006
8774
9797
7247
123
9437
4188
8653
9380
5954
2022
5483
9518
8896
920
2508
1460
1802
3848
8868
4020
6668
2551
5770
8907
1265
6602
988
7195
6812
5936
7049
6
992
1515
7543
7739
6599
883
1158
7705
1554
330
6395
8586
3088
7581
1415
5720
4438
7690
1752
7379
1425
5305
7200
7292
3537
9127
4225
682
8235
4657
5812
4319
4117
3035
1212
3410
2181
8269
4741
1183
1955
8927
9415
5202
4042
4357
7889
769
4890
5439
5657
9257
9865
3741
6645
5938
5919
4197
9362
4258
1008
7017
4762
6064
6494
6207
1622
5661
2058
4922
4529
734
7993
8397
5798
3503
5823
3682
4655
7291
7788
8738
6378
799
6699
7997
2829
7286
6654
9373
3083
3630
6835
9692
6954
926
578
4788
3521
1863
366
8612
2890
3484
3477
8241
9067
2922
3459
2339
6055
2870
875
548
323
7671
2944
4832
8266
4660
7830
8617
8680
3455
977
3479
5646
1462
5591
9413
1490
2749
6084
5222
5551
2519
2317
5743
6214
2381
4609
1888
2900
7113
1068
8909
2764
6031
7064
7099
7930
8407
4652
1508
9538
8525
7493
4830
353
8756
6038
2948
7701
5369
9815
8224
9270
8975
3972
7599
8498
721
1219
9008
4051
8711
5466
8298
2724
7715
9851
1543
9832
7433
2327
8036
528
5993
1617
9865
6090
3883
8898
4159
731
5872
3325
294
8153
1824
7082
9666
956
7982
6209
1073
5021
914
6004
46
4356
5876
6403
7254
5628
3073
8675
1882
2287
5934
3065
6233
6111
6515
5565
9604
5565
7358
8764
1537
343
9984
444
6185
3779
1671
6759
22
7299
5916
4278
5630
6155
5132
5679
9353
5944
5429
7836
4645
2193
4117
620
964
4938
448
6945
4845
1996
861
3707
9073
3022
7052
3157
8334
1215
1696
4583
8756
7776
2964
3473
545
6427
2459
4244
5686
1447
6942
6196
7726
2853
3614
3801
2469
6294
7145
577
9525
3494
3988
5355
6020
6443
5812
7292
537
7558
302
1434
9872
2917
8674
1160
4772
4708
8421
161
9203
9375
6543
2198
8689
8310
5326
1507
2375
1371
7014
1108
7862
1919
9148
7492
9795
5895
8863
7506
4254
3486
7949
3105
4555
769
3993
4523
3196
6633
7874
1276
8767
4440
981
6591
1903
8333
8122
1105
9593
5043
6650
8059
5055
125
5765
4100
2584
865
5020
4889
5957
915
2035
2123
2092
7264
9923
8922
43
2445
4947
2202
3931
8065
9660
1836
7060
405
6562
1293
9237
3138
4751
8986
4042
2686
6624
6153
5021
1562
3293
8780
6841
6260
1939
3160
6873
5863
9529
7678
2500
3702
2598
4716
5199
2018
787
8264
7604
2584
8015
3686
6332
9791
8548
6081
9781
5169
9073
8324
956
5440
6066
9967
6518
3670
8687
4483
2512
1338
7173
4971
1707
6243
8201
1051
5354
6988
7334
1744
541
3886
2146
6072
6138
2655
1835
257
6870
8767
6968
5215
6600
7873
4473
2693
3087
3693
7702
3618
4352
7705
2885
3747
7433
142
8145
8808
2136
6986
8037
5347
3381
1990
1176
8383
5068
7405
4520
6713
5995
6382
3371
4766
1675
3047
9741
3519
7282
6470
4018
1965
5250
4598
5412
4745
221
6432
6396
9852
5923
9437
4833
8297
5742
167
9934
2799
7829
1339
731
4350
1177
3374
7658
453
9341
3173
4412
426
1535
1246
2024
3330
823
1742
7299
1468
1646
8949
1312
932
8004
9495
5983
1828
1364
4714
8173
1721
8229
2888
8782
4947
5386
7555
5410
2258
8749
7164
8636
2051
7298
1453
6185
1933
6522
7352
3534
6457
2861
6297
9677
5957
6988
6280
1496
9673
3702
2982
708
6480
5439
4982
1312
1714
8599
8494
7890
8095
1817
2555
2316
6975
6809
8728
960
152
5524
2486
8120
9363
3825
8024
4030
5160
5096
7806
7121
4043
1936
2292
6403
8930
4711
6356
6139
9342
9368
1173
7117
244
2920
472
5893
7826
1740
1228
3869
1563
938
6608
9747
7066
565
2529
1438
1721
3354
8081
4869
4381
8797
2361
2336
3170
7045
606
5521
4575
9236
3656
8562
9343
7127
2601
8763
2136
8919
307
841
3386
9926
1662
5427
4184
4044
2072
36
7894
3813
7227
9051
6796
4670
47
5445
4391
6665
5178
201
1288
1491
7631
4737
8073
5485
8363
7574
352
2148
7480
5759
8019
5990
8245
1737
5591
4218
63
2598
4843
1497
8877
3573
4304
5931
7338
6256
4056
560
4370
4607
9883
8408
3675
7022
812
2125
8431
9944
7280
6228
8850
7201
463
5236
2195
4036
6544
7461
198
3073
9969
4842
7951
5039
7228
9788
2033
7111
3611
9256
8177
8672
4537
1966
2248
9380
4647
8484
7361
122
3453
2090
3971
6991
7989
3793
657
2777
2178
3360
5552
6402
5029
7987
635
4322
505
8118
6652
2597
3945
4188
9918
9771
5694
8420
3206
4190
2623
3550
9707
8946
1469
8877
3127
7751
8762
5902
1728
4878
1466
4987
1508
1055
9878
4825
8994
196
3564
7898
8708
508
2826
2020
4645
3731
6899
4443
946
1441
6403
8311
1707
9208
5345
7018
7789
5590
2988
9133
6216
2440
589
5191
2037
450
2653
1496
6412
2109
224
3763
6473
3392
7225
612
7008
5714
6891
7671
9174
5368
4192
5415
7022
8489
4580
5825
2459
7862
4569
710
9982
8353
5196
9115
4285
2350
6989
5013
9545
9989
4858
1918
2746
6195
2082
6738
711
9281
318
7542
852
5929
4634
9954
3149
7129
2149
4333
3880
9669
9684
692
2004
5846
2059
4946
5991
9458
3147
5647
9240
6703
8303
9881
3277
4213
2021
1530
2638
437
7555
7628
30
7372
8084
1296
2172
1163
1511
7201
8243
8071
3080
5908
1575
2839
8243
8486
1170
2385
5058
789
3045
2820
9670
7492
503
6970
6513
2385
9413
1600
3244
3327
5159
2841
5016
1698
3424
2
4902
3956
9548
6977
1336
373
8531
7984
6078
7980
1836
9702
2379
1578
4080
5945
5101
1167
6907
3079
9966
1923
7309
2532
7139
6261
6060
3441
9039
7728
158
7083
7480
9269
5746
3570
4539
5233
1903
785
8285
8756
4447
2346
4926
6681
8830
3333
7118
2531
5501
802
2556
47
1461
5256
5409
3248
2440
5465
3857
7412
3904
4884
6565
6610
5620
7858
9009
3232
3392
1592
3393
8977
8577
3946
8937
7215
6164
9593
6812
1727
9646
7657
9758
8181
4336
3704
2607
9999
7804
9686
9236
2674
2818
4152
1221
6522
7290
4473
8143
7095
7677
3017
6306
8321
6813
4873
9550
5386
6392
1030
5984
9405
8653
220
5337
9071
2856
9097
8694
6379
8488
7352
2404
8946
370
2050
1974
9396
905
7748
8025
1249
7276
4004
7886
1343
5143
2739
5284
4733
7813
9867
1508
2936
6968
2862
2681
5156
8660
4288
1410
3698
3212
4230
4878
179
89
1729
2317
5126
6301
5728
7371
3062
4364
992
6303
5863
5682
1146
2684
4731
95
7020
873
1765
4715
2591
7601
3980
8761
7915
3128
4843
5504
8915
7483
239
3423
9743
1759
3171
1649
720
6003
4426
4115
8481
1026
3978
8093
7079
5953
5388
6481
715
4768
521
3122
292
8412
8004
8525
7442
313
9924
8003
5382
7575
2701
3931
7444
3557
81
4882
7351
8768
4492
5792
3029
438
6477
4636
9155
4235
4678
8683
7673
2430
8595
417
3981
6491
4347
6774
9324
4672
3266
5836
9313
2004
5036
6714
8764
47
3246
3136
323
7332
422
3444
9655
9105
4336
5513
4957
422
404
3592
8440
1260
1402
1680
6325
3195
9546
2286
8500
7581
9264
3816
1224
1822
9459
8352
6753
429
1976
2493
1549
4662
4925
9215
9209
9719
6530
5691
1000
4849
430
5638
3377
2656
439
9699
2768
1960
7539
7956
8051
8530
6991
56
7630
9579
2507
2845
5230
1789
3164
6106
8913
1164
3618
8091
2047
7667
782
4641
9706
4859
2569
1992
2133
557
1128
8521
4458
5647
4871
5666
3902
5654
1257
5402
7301
1040
6362
2914
5158
2118
9285
3703
2670
2662
8489
4749
6558
1546
2424
3554
7229
5379
7165
2086
6096
9651
8838
7089
4924
5150
6486
6764
2010
7945
107
9021
6621
8703
24
5155
6567
1886
488
3013
7248
530
3385
7784
6317
6259
2265
9843
4198
6610
1561
8308
746
4393
5247
4049
962
6628
3025
4927
3979
3243
5091
8519
4730
3823
8676
9523
5527
7765
3461
9857
6240
6761
6438
9711
2210
3268
4794
2796
2927
8482
6740
6546
5318
9886
4607
1269
7610
5884
3653
6210
3964
201
8079
2005
9115
3727
1632
8792
1500
1595
1557
6259
3578
3123
6805
2720
3853
6823
4752
648
5947
5681
6415
5288
3367
257
33
8988
7941
4307
8290
7783
6130
5292
1686
6700
3177
57
704
126
3975
2551
833
3714
2062
4073
8110
2371
3769
1135
907
4829
4414
2668
78
9224
8606
567
4300
4347
7001
6596
5979
7362
1156
7601
7363
9428
2976
9819
2220
6562
9350
7110
760
7168
4765
8222
8268
9733
3155
9321
377
757
8659
6210
6435
5619
6565
7290
8436
9019
1957
6139
3024
1554
6385
4887
1869
7305
5051
440
1919
5878
9131
8011
2862
4255
662
8789
2456
3260
511
2875
2718
5645
8302
6674
5744
2333
7293
7289
3731
2715
7179
2410
6900
1861
785
8665
6771
2002
132
6013
5329
3151
6420
4938
3902
7093
123
4905
2981
7220
20
7617
4041
373
1032
9129
1898
6312
389
3921
9945
8293
3733
5731
3485
5975
8729
9392
736
5439
7753
632
7166
7085
4158
4823
6202
338
7377
4283
3726
2398
5755
1914
1955
3039
1946
5066
1184
8560
5897
9083
5830
4421
1495
6002
746
5059
2510
1997
124
5692
9119
9276
4155
2649
3503
5288
933
3701
2073
8189
6829
3765
5480
8008
7855
7704
1846
4015
2185
9493
2803
9179
7440
6713
5977
3608
6387
5052
811
1588
5233
8801
8470
1179
9945
4664
6290
2044
323
4092
7182
4593
6394
2085
9823
5452
8185
213
6311
4835
9519
1350
4790
5012
1278
9307
7264
8351
2427
3628
3635
2223
1608
5633
1514
6578
6910
662
1669
2966
8985
929
902
1427
7191
591
907
8211
2588
6647
4737
1178
1823
1351
7182
2878
8102
4547
6276
9552
9894
8031
982
514
5183
1484
777
207
4348
4285
849
2873
5885
3294
50
1302
3612
4731
2853
7400
4680
2799
3170
7779
994
2427
1015
9017
1666
4550
9681
9241
6529
6247
8573
8359
5231
5326
8298
9304
7163
7541
292
2564
7016
6120
6855
7669
6841
5484
5003
8825
9804
199
859
3570
2563
3110
2398
8049
5175
1225
5500
2950
3448
2161
9988
6511
8022
4719
710
4706
8501
4470
5672
4550
1245
8280
9482
7056
2942
6392
608
982
8995
1764
8806
4214
7130
5867
9630
1909
1829
6779
9289
965
8749
3371
6514
293
8185
4906
4322
8747
6167
9172
6062
8510
83
4444
7226
6037
2454
9978
1961
2987
6478
678
7407
9247
4703
1026
5599
9676
146
7942
5078
5330
1884
6050
6799
2128
8576
4526
1079
3028
2471
4671
3903
2450
814
8253
3987
3658
3864
6182
1848
6368
4721
733
1535
8548
5390
7169
7578
8519
1541
2175
7456
7352
2407
1637
7045
241
9946
58
3189
2550
1363
9600
800
4520
7945
2061
2062
5002
7425
6578
4038
4194
3262
734
6985
9401
2160
6965
5095
6897
8020
4408
8963
7373
3438
6423
791
1194
6201
2199
315
1581
9797
9893
9488
7162
5398
6960
3975
5987
9152
9034
7944
4301
9781
2375
9953
4393
6408
6442
4512
4197
8064
8814
6596
8308
374
1959
7459
9655
7266
7562
2514
9578
2819
5373
1126
7333
1650
3922
4513
926
446
9723
7916
6954
139
8580
9911
5496
1708
9790
7400
8538
7029
8114
5049
1866
7572
619
5948
9598
5555
2972
4710
130
5918
7273
3907
4433
2561
4364
2308
5348
3889
3274
6934
4664
2249
3224
7531
1741
9148
1341
817
7826
9871
8795
6850
3675
1445
6221
3998
8886
2282
9539
4871
9096
2211
3668
3108
318
5139
2485
3953
7660
4079
2473
7481
2396
2113
4523
2203
4585
2085
1619
9125
68
2561
4549
609
2119
3097
1571
7199
595
2765
4640
5552
5559
2293
4116
1690
9163
5801
7811
9244
3825
7609
6639
3145
6729
6820
7185
3562
3801
1488
2332
6196
8354
7146
2083
4916
1503
4205
841
6590
169
4675
5410
7461
2886
3592
8416
7365
2300
7098
3925
6522
3576
6103
5712
5959
4825
7060
3206
4093
5025
1667
3358
8020
3658
8468
5604
9158
2205
3662
7596
4788
5942
3109
6513
6023
6125
833
543
8392
1314
4064
4485
1264
9240
2182
2694
6300
4315
7221
6077
2686
6226
1086
5377
3416
8840
8525
2614
4402
7788
5599
3382
7752
632
6370
200
1776
8939
287
6225
9706
3911
3999
7521
9049
9369
648
1506
3369
2550
9637
9415
6695
8777
6160
1517
3303
8216
3504
5110
4247
9151
4369
5296
7148
9806
3191
6756
5872
8189
9007
1976
8774
5134
1190
6204
8455
4167
7707
7119
38
1445
3697
2319
4906
3177
6605
7441
3875
1413
5910
4981
2646
9397
1780
3577
3336
8256
5260
1918
5846
6335
7132
7851
3711
9032
1256
1571
553
2179
6666
5011
7402
6159
5410
492
6218
3146
6089
5389
9848
8635
4256
4947
6701
5774
9869
5675
3724
2108
8260
7822
8483
2951
784
5029
5999
6873
8724
560
783
5378
3956
8096
4928
9813
7013
4791
2999
3456
5174
8275
3761
848
7293
1035
8996
4912
2943
4902
9325
5188
2167
3293
4891
1661
6675
2740
802
5895
7709
99
2181
1420
4524
4739
1983
2592
1617
153
7449
6799
4193
1630
83
2915
4697
4803
7914
2537
5021
6572
542
5872
5521
4837
5529
2851
1892
6058
180
808
5005
571
6181
8755
6807
4879
365
6919
9032
4919
8892
2041
7001
7928
6807
4877
1488
9517
6761
4808
4893
6891
613
1087
9633
6549
6188
7982
5883
4265
3337
8922
2104
2940
4287
6887
2146
2128
3583
7672
5403
5287
9825
7694
8704
7969
4319
8337
8776
7207
5821
6867
5051
3983
2573
9627
514
8232
5094
1572
8561
6369
7226
4858
1785
1843
3226
8085
5152
9316
9528
4506
6167
4830
5253
1665
3430
2984
3377
8847
361
366
7522
8903
458
2082
6574
7202
9873
7854
5984
9665
245
2497
2280
785
5951
3785
2976
2555
9355
266
7188
7269
631
566
8085
7954
9335
1848
2595
4410
4655
8262
1943
6608
3126
2168
6103
1007
1915
2584
5021
6010
7849
1730
2324
1203
2157
8713
7370
2323
4013
6694
3881
1056
6787
3555
8455
3366
9731
2182
8176
1879
5444
935
5260
9088
7360
8902
9026
3068
1011
38
4880
220
4678
5062
2877
4587
145
9355
6080
8189
732
5311
8378
2699
9124
8096
2466
9973
7656
1057
6285
986
4998
7360
4226
3783
5137
4254
1506
6786
4488
3954
7887
2627
6440
9908
9602
1445
1518
9917
977
9300
5476
5714
3372
965
18
3254
5183
2656
53
195
2133
4182
5626
1723
5569
7313
8703
2451
4336
6193
1108
5336
3661
2376
8591
6255
6020
6475
676
1637
3731
1381
1217
2934
8486
6748
2062
2545
3842
1373
6438
8845
1694
790
3992
3965
9635
4161
6905
9824
903
2204
4133
3301
148
7288
1891
2393
1128
8468
9968
4141
4494
4458
9521
7052
9077
9031
7052
4827
7878
4724
4588
1436
5948
1207
4527
3930
4788
2374
8303
1682
9365
8646
5955
2203
2078
8369
7691
5827
8096
4790
1564
2895
3357
162
1157
1661
1673
3813
167
8025
3575
2459
8096
5493
2645
6026
669
208
1718
1801
2151
6633
1815
1468
7290
4936
1530
7787
4933
6981
4111
8790
9352
2359
4968
9487
760
2894
716
5653
7689
7888
8591
8085
429
5842
327
1348
5744
9049
155
5883
6049
7950
1178
3502
9663
9857
7135
5747
9449
8263
5989
6062
6332
7464
9437
7771
5380
6403
1469
3699
1995
7004
2460
5539
2412
5910
1642
4849
49
2992
8473
7137
3139
3499
6458
2093
972
8889
7547
5134
7561
5052
2708
1546
7585
2089
2237
9666
9061
2523
5172
3514
1402
3851
5515
5326
9302
6223
5350
1535
3777
2082
9755
1946
15
1785
857
2503
1537
8779
7116
3597
9699
1837
3118
343
9572
9970
1032
3709
2971
3032
7875
9016
947
945
5895
3348
3339
6076
9722
5389
1863
6527
7493
3785
2299
7189
4229
5032
1488
1192
9291
5700
2226
2212
8047
1678
9728
3343
6874
9734
3390
5642
8869
586
8017
4664
6609
3305
4760
6702
9101
9032
8396
5472
764
8641
698
4485
9018
8354
4800
3054
3102
2950
2277
151
2141
7047
6585
8905
8640
9973
3557
1722
767
1135
8567
4919
1128
9739
6060
4750
2930
5632
2700
2563
8728
3910
1906
1532
1911
2703
2128
2717
9402
2990
1852
3030
9850
5080
8585
2112
6867
3232
8068
6090
8843
639
1207
444
847
2401
6820
5539
9043
2939
2174
6336
8179
8044
8057
5521
5859
4219
4539
4656
4892
9665
6252
8656
6391
3799
9714
6450
7364
6098
3690
3866
2473
9622
3089
7942
1331
88
4209
7869
2810
286
6920
2165
9182
4116
1585
7388
8254
2789
601
7200
561
4952
9974
7914
2257
4107
4080
5822
7556
3110
6194
6446
2170
3712
1738
2834
4719
6834
563
9406
4876
1334
3965
8385
6538
2339
7668
7416
5550
7788
3483
2056
5605
8006
8116
5646
6627
1821
1122
5415
1020
3470
9465
7387
9085
8381
4632
3925
6822
5756
7426
8300
3447
3604
6086
286
9146
32
6038
9643
6038
7862
4536
6414
2898
4993
8799
2898
8349
3063
8845
8911
6128
3295
8548
8654
6265
7859
8012
1889
7294
5356
8429
1129
8340
6584
234
264
1644
3225
4446
2649
7259
5172
4547
1172
3907
5035
4173
9501
1905
9015
3449
7262
8592
5938
7566
4439
694
9645
7996
4648
402
9258
3225
5746
7280
6268
7115
8171
3691
4217
8764
458
2688
8100
3459
8737
5532
6910
9391
8692
6316
5854
2191
532
5270
8585
8667
8706
5132
9264
9716
4558
4613
199
467
1590
5406
2806
7354
9366
5759
655
2938
92
1
4831
6669
8138
7608
302
9630
889
4187
4308
306
3366
4413
9812
1849
9499
1902
6295
4506
8692
9638
5607
2123
2427
9896
9166
8016
2344
6140
2546
8150
6333
4624
5722
8320
1979
63
7190
6005
9871
1401
8938
7791
855
7886
9277
4674
9288
6174
7744
814
4894
4959
3531
8557
5447
1054
4968
1771
1440
8727
4299
3302
5329
4411
5655
9263
1780
7838
7448
6182
5811
2996
1798
1608
8530
1577
9203
7714
1056
2953
974
8132
9119
6254
8606
1224
4996
3705
2341
8314
8172
3900
6209
1603
8979
5231
7146
7100
7492
3713
3087
354
2330
1246
2181
6122
3265
2803
2783
4440
1332
3118
1543
1425
8387
4171
4439
4595
520
5843
7926
3300
4319
1214
4021
9465
8416
714
9757
4398
8377
3918
7064
537
3848
1930
5270
6571
9774
8610
6045
1941
2697
6698
5872
6775
7595
9354
655
8344
5940
1622
9487
6322
6159
393
9393
8990
5759
6867
5183
6285
7680
3354
87
9508
904
6266
5896
3367
2720
5248
7409
4224
9121
2426
1704
1958
341
7231
1410
6269
4459
2702
9192
5873
1537
7717
6891
850
2447
5710
4075
1810
9092
3034
702
5392
6371
4552
2715
917
4771
5410
4958
1273
9163
784
1679
2954
2389
3802
1069
5211
4167
5927
5568
3343
6990
1403
3162
2386
826
9883
9116
157
4905
9188
7054
4894
3338
401
9114
4159
4993
7525
7838
7418
5634
8266
411
1371
6641
5194
8571
4703
6090
482
6819
1493
9887
6881
1432
7807
2477
438
1480
5477
5612
209
7950
7657
7939
8973
5626
6045
5111
922
90
1214
4570
9923
7654
892
7239
3979
6486
2109
1877
2359
3035
7864
2965
8527
5038
5666
5599
6899
3025
6720
9392
2830
4718
5365
4874
7670
6637
4001
8157
1613
183
5006
2852
9158
7183
8358
4913
9282
7342
490
10000
7556
6526
352
8769
9175
3655
9936
8490
6533
4318
6162
7467
4558
4247
8752
8546
8435
5176
5813
3057
7687
3754
6968
6260
5463
3851
5530
3731
4969
6712
6696
3782
7290
7721
1716
638
8422
6251
5090
2397
842
4896
3524
8860
6396
4655
7284
4750
3051
7379
8543
6202
1663
2325
9894
5586
4252
1826
8762
9815
5771
7746
2687
1782
9723
7239
5959
4354
1568
9240
4990
3455
4540
8635
8526
8354
5266
996
5812
6653
6760
4576
3152
5073
7214
1514
916
6970
3997
2790
9295
8615
653
193
7580
6538
3153
4392
4828
9921
757
871
7834
2438
5501
7427
8533
5462
381
2019
8833
4304
9580
2014
7502
3676
4734
7115
6072
5096
6692
36
3721
2162
7422
9698
4128
4565
4832
9184
8650
715
6428
1497
1286
4995
5096
8495
5978
926
2107
8920
9204
9088
6937
9137
4837
9536
9278
6701
9814
3385
326
6659
8000
9087
2617
3395
8170
5101
6962
9714
5726
9500
1119
6112
3432
7956
7805
5707
748
8018
7367
7209
387
7761
1876
211
4637
9054
9301
7220
4764
1337
5095
8664
1745
7549
2820
1034
7066
6642
929
6293
5553
8167
9870
2157
1757
1021
33
5675
1529
6732
2700
7975
601
3997
5528
992
4316
92
4401
7725
7951
4003
1882
4722
6441
5567
1349
2690
3694
9916
5435
7986
4411
8178
2476
5504
8765
2243
6559
2810
8508
6875
2101
4983
4198
8097
6168
565
1661
6295
7357
2878
343
1960
1974
4385
2138
9580
610
710
7030
7721
6888
3188
1970
580
8032
5217
2034
6363
5724
8165
5816
119
8936
3582
158
135
2038
9747
3626
2167
8856
1166
6543
7082
1573
2676
7599
7557
3911
8110
5665
5867
4797
6939
5304
8879
1748
5807
7050
3094
8502
7307
3235
6920
7986
9508
2053
6886
8302
6963
6180
1051
4746
9317
1107
6971
206
6095
680
1807
4236
6996
6052
8832
851
8148
420
3764
2472
8018
8125
5946
8936
7966
6221
474
9795
9765
7245
1993
9858
426
1209
795
3391
9281
5279
6320
7945
1228
1023
8913
2176
1755
6722
8947
5672
7938
7714
6456
5572
600
9484
9398
4749
5184
9524
3821
3599
5905
3908
7867
3671
7048
9621
5134
7925
7207
590
1864
6521
4349
385
9408
916
3912
1921
571
8153
4676
5704
6255
6731
4873
8252
1227
1525
8592
7257
9898
2221
1817
9934
9283
9230
1114
6810
7851
5158
7881
9144
2470
7409
804
6396
8417
7385
7484
8686
7525
3412
1865
9865
3596
7156
6194
3766
4293
4732
9997
7024
2928
7381
9710
6688
6422
1898
938
2997
7831
4697
1244
9135
5868
6914
651
728
334
4317
6457
473
5847
7530
1183
7167
901
353
1395
6580
7498
907
413
5793
7967
5307
880
5069
7042
7218
8853
8677
9337
6273
6924
9226
5006
2589
3323
5492
5392
5931
795
7216
2715
1265
5933
6235
3021
3903
9717
4043
5823
1019
9787
9329
8346
2991
7260
9242
5988
1952
3708
4216
5587
2316
9584
6860
7040
3643
9677
8868
5126
2988
8346
9475
4353
4838
8667
5134
5763
4596
1185
1473
3915
9908
9574
5838
2040
52
359
5575
9057
6038
5800
1029
4031
8114
4614
9557
2809
860
3343
5100
5797
2808
4114
5199
6698
5766
249
6893
8529
9077
4629
1691
39
8337
2757
4084
7377
1519
9207
6692
3293
9509
261
9454
3617
4873
9693
6879
4454
5731
4133
2278
5986
4143
4554
2545
9307
2908
9086
3338
2756
1745
3054
4947
1606
4364
8448
6681
9048
5605
7297
7875
6587
1201
5136
7146
2840
2630
3501
3589
8658
869
6167
1617
7839
2273
1254
6284
1822
5226
5940
9606
6547
4606
6199
3507
3688
4205
423
3748
6312
437
2099
2263
7011
8316
4008
6225
5545
3472
2365
8062
2392
6631
2197
8321
7098
8700
7197
7268
8135
7747
6361
197
5693
4680
3906
3353
7521
8639
4158
6751
5820
4126
5600
6015
7177
6024
4758
9352
5083
5710
8223
4309
8313
5341
6085
2931
9405
7077
2663
8290
9145
8977
9381
9018
4889
9526
7880
9848
7140
6355
8182
985
3047
7340
6483
8307
4580
8734
6706
6962
9703
8867
7347
8825
5524
5248
6147
3473
310
5621
2945
2292
8549
8717
197
6725
7279
7160
5072
4976
7211
2350
7950
6794
5458
3588
3680
3748
6715
3163
2359
7057
8215
6908
2053
4944
8779
4149
1020
7755
3887
9096
6696
4019
5737
869
730
2366
9060
3131
1799
7771
7979
1434
6420
7097
3420
2135
7716
4827
9075
7530
2047
1550
7642
9345
1482
5593
876
9328
6941
5508
4583
5809
2665
5886
3098
2160
9786
7873
6255
7903
57
7741
1361
3260
4530
9107
9019
1467
3559
7488
226
3008
9112
7610
9525
9288
1365
7406
8695
9802
6972
1235
745
2122
4108
4424
2102
4825
4884
1617
3526
5914
376
5564
9671
1253
2583
1944
8070
4481
9749
1712
5977
3673
97
7306
6831
5807
9367
1477
1506
173
1207
1790
1137
2205
2288
519
4849
1132
7462
5150
7099
6998
5643
6528
6549
5050
3665
689
3346
1765
6774
9147
5668
7095
3551
1981
9635
6918
4729
2572
956
212
4180
9985
4344
7349
936
1396
1459
994
4953
2723
8881
3578
4377
5194
2070
6298
7207
5202
3142
8031
2569
9654
1092
274
7663
7036
8957
5646
7357
1408
868
6818
5278
4691
5217
6502
201
5674
9472
9901
6916
2384
1350
9790
3202
926
6911
4942
3730
290
3416
5562
1752
9778
936
7981
9071
9702
4506
4364
287
4272
6961
5269
8961
4723
3442
7311
2530
8826
3416
6207
5608
1664
3961
4991
4705
7739
6922
7401
7371
7342
1126
4509
4355
2007
5693
1437
2090
7376
3406
2452
9720
5381
7868
382
3758
5983
7608
7417
4133
8100
1027
9377
8127
1046
4412
8417
152
9781
6524
1513
373
6235
9026
5966
5488
8926
7529
7131
5441
7962
1320
3249
7002
7997
2647
1105
2048
6705
1338
2979
3215
8089
9446
4849
4908
5124
9415
1097
2286
2051
7425
3269
2569
6271
7404
2794
9729
9792
7958
9587
2850
302
4861
3093
8834
4275
3922
7998
1334
3417
5011
6134
4558
6154
3221
4856
7903
1959
8478
2873
6043
1082
5592
7486
333
4591
1057
6632
7267
2813
118
1503
1247
8250
5634
7646
4015
2352
3584
7611
6106
3728
112
2412
6959
6127
4252
1918
7055
862
4302
638
4428
2712
2907
1004
2448
4014
2102
7864
9055
8779
8601
8064
2980
6681
777
1541
2708
4990
9070
6288
9993
1567
6967
3234
7077
9725
6025
8731
8458
6751
7213
3947
2790
4066
8803
5660
1001
2327
5277
3035
3710
9921
4281
8984
166
4449
1382
8360
8033
5302
2454
1680
8598
478
5832
5435
4968
6418
6772
24
2191
8381
5094
8811
2699
8029
2504
2479
2057
8898
3661
2215
5016
142
1256
3622
7338
3872
2503
4950
4208
7545
4017
6056
8486
1545
5348
6750
448
5163
364
5593
1271
7199
9546
1838
5841
1150
7840
703
325
3609
8404
7154
6487
6985
443
3758
239
941
2363
5966
93
4673
8584
5981
3785
6460
511
2810
4052
6735
1036
5032
6831
1435
3410
697
421
3844
5976
8465
3315
7746
1961
1597
707
1352
3897
3208
3847
8619
6151
1113
2208
278
6830
4378
2837
1599
2467
6483
6291
2239
6823
2529
2011
7347
7438
306
134
5036
6372
9474
1935
287
5426
2849
6454
7203
7582
2594
501
4382
9400
1114
4111
9131
5951
8605
2093
230
1946
4983
1539
642
7218
6647
2304
579
5697
4382
2811
820
3358
1688
5851
8626
6557
2410
2408
1387
7528
482
9753
3413
2302
9041
7408
1263
6634
4579
2986
9261
1291
4880
4240
777
6897
7491
8824
5896
6003
4241
481
972
4307
4070
106
9309
1314
3419
1645
9442
5853
6601
3917
9836
5746
3471
4699
9416
6624
3757
2144
803
7956
2285
3870
383
6005
498
1020
2420
4988
5195
4503
497
9771
5034
1966
1974
3670
6150
2541
5022
34
189
2802
2789
4931
1814
3416
4198
2539
4362
925
7555
5000
1909
6548
1371
7105
9247
4682
293
2257
3276
1024
4715
3179
4352
4223
5319
3705
3676
6706
4631
1213
3866
443
741
1212
5114
3509
8560
1411
2057
2408
9300
7978
3823
2087
3680
152
4624
1407
7013
8721
5026
3806
4342
3821
6258
8558
2159
6255
9055
9544
6129
4891
2593
3659
7235
1099
1068
6268
9013
6720
3660
5752
8841
5786
202
5188
7037
5253
3134
6923
6152
5369
9821
2956
705
8343
7742
3223
3055
4524
548
4853
8213
4824
6185
3441
6148
5071
3388
3064
4779
528
193
4379
3347
324
8754
6401
2074
9589
102
5922
2982
9668
2746
2768
1829
8577
8462
8564
8211
4741
8441
2772
4215
1442
9392
9995
9558
4768
883
496
5351
1519
8337
3541
724
4769
1918
2367
2943
7626
1571
5391
6601
4690
5471
9751
7573
3792
8639
2070
6277
1856
1571
6025
4814
3978
3974
526
3407
1749
5429
1509
2660
4802
5966
9425
3018
8067
1955
8191
2841
4137
75
8856
9143
1295
8993
6266
5856
4324
4288
4815
5935
3061
3312
6449
1398
8494
298
8504
4244
2850
1153
3956
3826
2466
9598
6431
1804
5662
387
3191
7016
5889
1702
8652
196
3748
3730
9361
6521
9826
4990
6068
474
384
4435
8465
4763
8577
1834
2648
1607
2412
8478
6729
6156
2004
9735
2576
781
7293
7555
9580
470
3632
8138
3952
3360
2517
7202
7925
2421
2619
7075
2894
9235
9369
6458
9986
3049
600
2675
2844
7454
6971
3302
3739
4103
4594
6737
2458
7259
2610
4478
3583
4255
2087
6027
7090
9350
7651
2081
4769
114
7850
1487
8707
6473
3715
3080
2095
8432
5442
867
5764
5559
7401
2643
5964
2276
8391
6784
120
7211
3308
3360
2839
3045
7342
2311
9725
7938
4271
5778
6512
9127
2123
4351
6858
4626
5274
242
9491
143
3755
6358
8225
6707
9612
7522
9592
4409
796
9526
755
6005
2414
2136
4120
5612
6867
9201
5165
1716
2791
5195
8504
1118
4680
2438
9542
1917
4435
3210
3664
4767
3322
6713
7017
8432
3098
2956
4484
2400
2663
1878
9175
2187
8450
836
9441
7516
2572
4519
5199
815
6814
2776
2763
6841
5391
2071
8475
9154
5961
8917
613
7774
9043
905
6051
1881
6358
1137
2407
1081
3843
4245
1818
5076
8562
964
3564
6050
2443
4529
1084
1480
805
2402
4381
3666
2273
3903
4419
7514
9061
1454
845
5271
3638
3063
2704
1120
5034
6993
2288
9610
5175
5261
4760
6963
9453
4090
3194
7318
8433
4072
4558
2290
2557
8504
1266
6841
7950
159
5454
4770
2913
7886
2199
7484
1676
3288
657
5920
8544
8360
740
7134
8446
6157
4903
9370
2230
1104
2067
1993
2721
9420
6569
4070
2713
1362
8815
2810
6289
2377
8048
8571
2049
8034
5815
1785
5722
2815
347
8923
9030
4844
8845
6975
2480
84
4204
3778
2172
6701
866
5693
6729
6540
8258
4378
4630
9550
6390
8889
1328
1973
2971
2428
2205
5908
8001
9035
4350
9348
8972
3364
5582
1669
9651
5128
4480
3896
4689
3073
9616
4829
992
9362
7016
1470
2105
9651
9119
5143
9924
2801
2470
4486
1065
2717
2146
3327
3855
3422
8523
1238
8507
9204
6368
7774
7334
422
4340
958
1764
700
9894
2803
216
3138
9003
1823
5915
3077
7818
8259
4496
4431
1357
6183
9960
4501
9542
6865
232
2517
8373
9428
8419
5427
700
4511
5354
3715
1304
1997
2317
8727
9113
1287
2016
604
7879
1382
9215
1395
2196
4421
8406
3877
366
5318
4676
1380
6512
6802
3121
5736
1622
6053
9916
9172
5646
2591
6326
6864
5305
7322
1889
3519
5950
3635
2837
3603
1434
7963
7028
8440
4610
7208
2496
7970
3861
4731
3224
7926
2466
1009
6996
5939
5435
9424
7861
7251
1388
1109
4738
6580
2454
9710
3008
7555
335
5268
4430
1597
6646
2306
4930
7423
5930
581
4130
465
2997
7722
6435
3580
9563
3251
8809
1017
3221
9451
9724
5468
1293
4880
2864
9362
811
7975
7273
5911
6101
7289
40
6068
1990
7445
820
8708
252
1674
724
8179
6639
7365
1362
3704
9432
297
6728
4429
3091
7574
2154
8104
5616
8387
6958
1232
5533
806
6645
9935
720
4975
5946
428
9974
603
5863
2514
2914
7038
4206
3146
9396
1832
4249
2357
4162
3728
5580
5567
4640
1677
5577
9305
316
2661
1725
9409
7539
7733
1922
4257
3320
4642
8864
3209
3049
7385
1925
2625
4733
2360
1581
1647
9432
5850
4077
997
7804
6636
3548
6676
6074
5372
2650
4132
2024
9277
7561
1316
3393
1912
3640
3371
8645
5725
9897
3690
1252
6734
1447
7195
8248
39
1562
1646
5189
6241
3123
1660
9269
8334
763
3520
9140
3225
5226
9876
1728
2283
3927
3621
6997
6152
7084
3706
1162
8480
5245
8241
3135
2493
1009
4729
592
3836
8716
6916
5894
3271
6901
7811
4531
2982
742
7629
9708
2218
897
5575
8579
4041
8443
9633
991
2818
9730
2656
7562
8740
555
4463
2612
7058
4398
7041
9602
9267
734
5594
2038
6065
8948
9683
2185
4711
2063
1819
7288
6773
1756
8134
7337
6543
7617
6115
4741
5413
2315
4493
6129
4397
5699
2877
8628
3747
7362
994
9744
6595
3786
3208
7789
5614
158
3949
3602
5620
1707
5168
4909
9724
6417
2755
9439
9900
2327
278
3596
936
9686
7170
9027
1673
8555
7944
8557
208
5178
6039
8815
5276
5713
3792
9709
888
3968
5045
1479
4462
6160
889
6133
4170
8592
4571
8835
6193
1878
7292
2303
4996
7692
5563
4380
1196
6019
8474
4596
7055
301
8951
962
107
6217
2505
9595
838
6712
6990
4109
7485
3576
5469
4758
6909
2262
9101
9738
2019
2739
5799
258
2402
5503
4389
5669
256
9846
9418
9964
3840
359
7778
2319
5242
2932
491
1311
8318
4798
3013
1979
9167
3464
44
3599
3200
5971
4878
2766
2548
4903
950
8805
6755
37
6165
106
9530
7048
6985
2343
6748
2473
3749
3992
6003
8991
14
4709
1865
2679
7949
3728
2978
6974
8384
7547
1698
6409
7715
3000
799
6039
9891
6592
8227
3109
3130
2174
1924
3238
8875
3975
1722
2442
5708
372
9330
191
6281
9235
658
2430
600
2395
585
7533
3570
4000
1181
3537
2211
9516
8019
3541
2387
9941
160
8424
2304
4148
5826
7068
9521
6336
2835
3078
9609
3085
6925
226
3316
6980
6994
302
4006
1021
4134
8257
9290
3218
776
1591
9281
3219
5958
1123
1006
3859
5834
6600
1827
5120
8504
9130
2959
8834
5540
5602
14
8525
1470
161
2295
2205
5372
2949
9877
3448
764
121
4922
1311
1859
2026
2871
2620
9939
9928
9716
622
6325
644
6952
2727
8547
3991
5080
4189
611
2432
1589
150
921
4393
4352
8718
8774
7838
7186
762
1685
1258
6577
3087
470
4703
4401
275
6843
215
9816
9177
1479
2101
3478
2252
5134
91
4715
5387
3461
3382
1715
1874
6403
9112
3091
4896
1173
9481
112
5704
8278
193
6114
4901
7878
1572
5244
3427
5748
688
5342
6708
7525
6976
7162
1415
8641
3164
812
5840
2705
9955
6818
2897
7790
2374
7858
8202
6770
7682
1505
7314
9275
6638
2363
3160
7377
2957
3809
6184
8779
1613
9976
2904
6802
8740
521
4607
4875
1080
5915
183
4831
4533
4558
2327
583
4154
4822
4405
4062
7170
694
8662
3841
9616
7747
3876
9841
3904
6505
3254
3330
661
3705
6964
3057
6542
6951
4859
9140
2238
4886
3131
9019
5448
7908
4295
3528
9337
4076
5388
5532
6505
4100
4357
7553
8107
7402
3595
5682
1235
7724
9731
525
2132
3440
9546
2780
1099
9207
6373
2260
536
4310
7776
5371
7953
4996
6737
173
1921
5139
119
7826
7235
1512
8590
582
8552
6887
9339
1191
8926
7936
3709
6143
9577
2110
7865
3287
8717
1860
3254
4230
890
9334
3162
9227
8456
6579
9380
4147
4742
3620
8913
8824
853
2393
2131
8689
3211
7381
1405
883
147
252
2615
5119
1257
6256
1842
2104
3769
8450
1599
1154
5678
7792
6737
3680
4028
3239
3068
2323
6542
7571
9913
6894
9849
2951
4480
5631
1561
6512
5395
560
9645
9456
7827
2318
4511
1530
4205
2525
1469
9661
9826
2317
2379
4268
4194
1929
9895
513
7507
7572
5653
2914
6741
1249
8713
3747
6208
4221
9783
5630
4309
8549
2072
8303
8973
1223
7771
7410
9158
8803
3780
2245
88
4214
9524
17
370
5677
8893
6721
4870
5834
5001
2319
2004
3407
1125
7522
5974
4063
7960
6926
6240
1136
2801
8194
7874
7536
959
4560
3083
5422
8851
9250
3271
8172
3247
7334
8277
3648
6291
6435
1526
8097
9757
4476
8487
2031
5544
332
7372
2162
8970
4949
2990
4165
5524
6282
9213
5658
13
9696
2747
1317
7037
6061
6760
4751
4645
6180
4700
6341
8829
8206
6556
5832
449
1389
552
6001
8856
8824
8081
6881
3987
3304
5612
2880
5224
4500
3266
514
2714
7187
4371
8598
496
4138
9771
4201
2088
2708
1187
3964
1347
3810
4904
5424
465
2454
7971
5508
1811
8082
7616
42
5054
8216
4509
7185
6722
2068
8124
8376
8027
3378
8739
3820
2477
6331
2124
4561
4262
7313
9674
7215
6415
8002
6297
3589
8880
2187
5433
674
6447
5893
1706
4239
90
7229
1212
8429
9626
9201
8883
894
2708
9972
5913
2011
7469
4726
6843
7804
9152
5692
5372
8022
4537
2271
4720
8781
3083
9547
313
3067
2233
2619
6529
894
7306
1195
7680
8550
7137
9726
4986
8268
4218
7435
4521
1215
2583
1237
3147
4512
3976
1898
2867
5955
7438
8399
9300
4151
724
1188
3078
7016
5913
8714
6198
5190
5530
1701
2357
6524
2332
9686
3693
2551
5801
9096
1173
5853
4948
2369
5432
7392
3753
2551
2551
4806
8467
6697
5950
4414
3003
6869
7817
2079
2073
5910
8958
2389
3970
3732
4355
8264
3340
7237
3964
9128
8672
4135
157
3614
1199
778
4936
1833
3031
7138
6415
1316
6598
865
9660
9614
7565
7748
3055
7687
9307
2928
1197
4201
5195
9095
5902
915
8190
7911
2828
867
6020
9580
1418
1648
6285
2720
7374
1657
9312
287
339
1668
2935
5690
9011
5448
5252
9570
3710
5262
5613
4152
9439
1872
7239
3197
9772
285
7009
8048
5872
6386
8681
884
8104
5302
5278
2303
7054
5016
5952
2677
8961
8654
8336
6277
6006
4989
9618
94
9713
7292
4413
2636
5835
829
5332
4677
4079
5884
1090
1707
4147
71
7464
9954
9125
9232
3813
3248
2375
3588
4307
4433
1026
724
1441
5327
1752
8858
4491
7287
7881
4887
3076
7798
7397
5736
3716
4636
2221
7540
3045
1989
3423
5250
2077
1151
2029
9748
8422
5142
9645
448
1440
5409
7750
6028
7394
3116
4153
2582
4980
180
9826
5620
2284
5235
5111
9842
711
623
325
7520
4725
8453
5724
719
4779
1949
3530
1133
1918
1420
2978
4337
5655
4222
426
5446
2444
3777
977
224
4387
4655
1815
3851
4929
9275
3341
5765
5963
1819
3188
9725
4049
7408
6952
9425
2692
5598
4065
9737
9041
669
5267
86
4725
3147
4494
6343
2813
1441
2796
5623
795
8080
6441
6510
6332
2355
6790
1970
585
9799
4761
9812
9871
4445
1615
572
4817
5840
2606
9699
3298
2969
3463
664
528
3333
5280
6452
2315
7565
3031
8820
5852
3643
3862
9470
8036
7566
9040
6622
8692
5124
6713
2248
2376
1112
4550
2578
6796
1515
4326
1181
5526
2832
168
6268
5446
1653
2604
5889
4853
731
4816
5691
9531
8664
9742
1456
888
1384
1047
6575
8062
1135
8557
1080
8633
8236
4224
4614
528
937
4335
1955
5134
6866
2244
9343
6605
1626
3339
3947
331
5716
7726
7610
6728
5466
7273
5328
7264
1396
6719
982
131
7780
3024
6946
8944
7623
7016
6509
850
6647
6282
5963
4539
8613
7954
1808
363
2683
8592
877
1584
8812
535
118
109
6153
5551
3216
3943
9626
1970
4630
7828
3860
2011
5082
4571
202
3770
4770
5645
9012
7836
9232
6162
5632
4469
5846
8372
3043
5735
4923
9612
5642
4467
8962
6454
68
9401
7001
7427
4926
6594
4787
5747
7072
767
8535
1803
8149
3450
6969
1637
8003
1914
6346
8266
512
2898
6401
1285
1993
6217
8380
4925
7105
3890
1570
6880
902
3777
4716
1451
4099
3357
4830
7722
4953
7474
6338
5134
4449
2441
9649
399
6914
7700
9627
1634
251
5145
6061
4194
6341
3944
9862
7012
510
7129
8065
1043
6688
1763
2977
3850
5991
3991
6434
4198
4640
9178
4788
8639
6183
2727
9324
9214
1552
1181
9002
7948
7292
7613
4467
2998
4113
8360
9679
2630
3465
3283
6507
753
1382
6713
6582
4195
9980
7919
2779
7710
7932
2294
1676
2802
3518
9955
7472
6203
8578
9592
265
6156
3084
2955
5189
6164
6818
4903
7817
935
3464
9411
8559
3426
2514
1925
2613
4184
1460
8844
5043
5818
5601
1786
3537
1722
7364
8201
3441
2546
1799
7796
5184
8370
705
3430
5330
8032
640
3458
6923
149
4764
2314
9214
1978
3812
2330
2648
190
2709
8620
9524
2704
11
6780
2532
6985
2774
1148
4129
3757
4797
141
9620
2790
7306
1364
521
9923
737
6130
7804
428
1381
131
3018
9360
9161
8915
7942
8918
2665
6677
2520
8268
8580
4103
3417
9001
2403
6190
1418
8281
330
8779
2113
4604
857
6214
667
6453
1644
9216
3611
980
3283
8284
6833
5857
3440
5668
2436
5094
2959
8985
1228
8018
2827
1994
9767
3151
7058
4957
9103
2462
403
9447
2617
6194
9574
4961
6511
1552
6853
6679
7910
820
1758
7355
7077
4621
6174
3990
5176
4511
3736
7745
8430
8407
9442
4623
851
4225
1987
9812
9038
3913
8284
62
666
6294
775
1491
4418
913
3658
9609
8884
3983
8990
8715
7684
6943
4900
6266
2452
8461
737
1982
3245
9688
8447
5520
9277
7717
723
7100
7051
7669
3056
4725
8011
1640
9176
7456
3413
8364
5264
8649
3510
2003
9018
7387
9178
7831
4330
9494
528
6219
8936
4358
8594
7998
690
1237
6882
4692
6445
8587
8347
5013
5084
9331
316
1160
4307
7397
7054
4630
5122
3326
4738
8016
6149
6355
4791
4628
7033
9968
9874
3900
785
3614
735
974
2630
6578
4211
1801
1858
1824
8010
5096
6115
7123
5571
211
943
9894
1708
6545
3907
3455
6508
9792
1476
1985
9233
4408
3705
5520
2913
9666
376
2703
6400
3072
5212
1172
2494
2610
2216
987
3046
3886
9566
9906
7322
3
5432
94
118
7309
1697
6678
5609
7228
4756
9778
773
2276
7455
4276
1319
4895
1350
5694
2097
3717
380
724
8645
4808
8618
3684
6586
8549
4385
7116
5469
8409
1813
9771
2044
2040
6120
1691
6412
6612
7803
2631
2229
4106
2780
826
389
7480
9946
8229
3546
3513
3601
2942
3644
8375
4324
9710
7827
381
9260
4181
681
7121
7799
1473
307
6159
7733
4944
3609
7622
6212
4402
4571
2288
5341
4697
4230
3126
6920
2853
5820
2380
2060
9299
9321
3096
8362
4561
7492
8864
8147
1777
2249
9549
6639
1319
9376
5105
9655
1445
7273
7910
6049
2894
2534
6612
2917
4477
6243
7181
4263
9651
5068
7436
2522
7443
2530
759
3695
6023
3719
1501
9231
8983
5449
9533
6858
3201
10000
9668
6555
5290
864
4681
6949
1441
8475
8259
644
7665
5244
4632
4569
1047
9891
1124
4847
2112
6486
7140
6397
3179
390
3816
4300
2762
6384
3756
9352
8209
3978
9442
9808
3143
3078
691
6623
4231
2438
8536
2853
500
8144
7193
1107
916
6307
348
7265
9905
7563
766
1419
2654
2156
3605
1407
368
37
818
5791
471
9269
1354
970
960
62
5791
48
2215
2962
7536
4133
2169
2929
8410
277
6740
9173
8555
4888
5070
9388
8597
501
979
1739
4812
9436
1915
4996
3245
7229
5047
9314
3861
9955
297
2051
2523
4557
5754
6172
6394
9233
4872
4139
9926
21
9212
7330
5921
3430
7167
5787
1044
5635
776
6055
2716
8942
7510
4871
3754
3239
180
9484
1156
4513
2047
6674
5436
2961
8517
7981
993
6233
8115
2729
1240
5960
557
4109
8729
6001
7271
2728
6304
4179
4946
584
7474
6230
8705
1285
5509
2633
8190
7998
4298
2330
6855
9979
6835
2226
4221
9882
4435
