5046
7443
7768
7441
8023
4378
4243
4888
7394
7953
3285
5945
7313
8106
2044
2242
3570
5784
20
6182
2388
1299
6426
3186
5313
8991
7466
1163
6719
8617
89
1137
2261
4666
4244
4749
887
6732
7913
5738
7484
5471
4180
1451
2824
8899
7991
3401
436
6397
9318
400
6306
7547
2624
2914
1097
7359
4144
6707
4948
7141
6383
9627
2519
9416
3107
166
570
2241
5243
6217
3878
948
7340
1605
4369
5191
106
2733
797
4960
3152
9376
8994
3156
4818
210
64
3823
4856
5301
563
2400
6685
1687
6304
5772
8663
1013
7423
5343
8222
9168
4475
9758
2911
6446
9652
5191
7266
783
1124
1284
8262
443
1575
4369
6132
1296
2659
2936
3547
6995
6299
6925
9214
1887
4177
5605
679
2445
5620
184
3337
4212
127
1549
87
1857
6835
7668
9598
2070
3867
2576
3422
7194
4803
3392
3589
3958
4884
6934
3932
7367
7986
8117
8240
5928
7120
8678
7077
6461
4950
918
1235
6792
7000
3722
3704
9574
135
9163
8064
7085
9513
2099
9284
8432
6478
5028
9768
6958
73
6162
2093
7664
6381
4338
8048
7080
2558
1741
6064
7391
3130
8080
1620
5493
3389
3782
2719
3056
4828
2116
1330
4367
6379
7549
7436
1952
4546
9860
762
1569
8338
9054
8032
806
2486
7167
2707
8146
4615
7954
5837
2690
5532
51
3264
9624
5356
9687
6555
8729
4186
271
4669
1166
9239
8333
2554
6646
5009
8851
3809
1529
4698
6644
2783
729
7252
9026
2383
7863
4382
4934
3045
4231
4230
259
2278
6513
5650
5616
9650
7826
3892
122
2130
2359
8858
598
7991
5295
3612
5574
7339
3535
7121
2100
696
2308
2071
1416
8477
7650
9344
5017
778
2525
4336
18
1859
8335
5333
4959
924
4916
7288
8815
8399
1236
9017
7595
8083
4083
965
7115
2773
7347
43
5237
9750
8397
299
757
4833
5151
4162
5693
1801
5466
2827
6259
1852
2350
4006
7347
612
889
9686
806
9312
2937
3483
142
2124
2421
3375
6763
5074
1516
4149
2062
5924
8241
1443
6347
2844
5104
8159
7125
1147
1829
3222
22
4824
2035
9123
4588
8757
3004
6257
6608
8855
19
9684
6655
7417
5472
119
5778
3903
3192
6128
9670
2526
523
6322
7921
905
3151
8351
8858
3254
6128
3930
5353
2370
5802
4039
7978
9774
8765
8809
5704
2406
1538
8758
9264
7167
3433
5231
6381
139
7374
1411
8745
3340
628
8777
4193
8255
224
4218
3025
8101
9491
1592
5930
5499
621
9189
8683
5640
8579
9093
735
5748
6866
319
3326
2742
6508
5532
493
1404
8297
4437
8634
8460
3694
1053
6402
9705
4550
2076
1064
5337
3592
1510
2108
3755
7209
2440
8532
1315
9015
1161
1249
9352
8880
3628
4756
4202
7028
9796
810
3823
3563
8194
346
1819
3750
2504
3690
2562
3958
496
9390
868
9613
7379
4409
894
3280
2356
5376
2540
8559
4816
7146
1488
7849
8392
3352
574
5519
369
2326
8415
6551
8920
1259
1772
4826
8669
7351
1758
6678
849
664
3125
246
5556
890
5389
9393
3177
9742
1428
2977
7185
648
9293
4585
467
6727
7726
8933
2932
6239
9203
6312
4383
1099
6839
2254
8717
5839
4487
6949
1281
7583
6117
5207
3473
8909
9210
1305
4559
9413
6201
8894
6804
9709
1468
6490
632
3979
8962
3560
7036
7597
4610
7336
8587
846
8936
2900
325
7825
3443
1135
6490
980
2961
8723
2280
9127
7997
9791
7701
6783
7902
3486
7503
1921
4675
85
3987
6294
9182
4722
660
8271
3961
1083
23
4306
2803
4502
449
5421
7039
478
6857
9213
5139
6520
4047
9731
5802
4020
4619
3770
267
691
9224
4092
7047
1618
9486
5640
9127
6992
6052
4753
7790
596
6740
4747
6486
9798
3260
2088
8227
3130
6883
952
2508
5172
3931
120
3192
3054
4479
3522
6875
3400
2574
7966
2391
3789
2896
224
4954
4851
9078
2556
7521
1176
9332
6574
8694
8879
461
3489
4232
9026
5383
4554
260
7025
6895
595
6532
3477
3062
3748
3425
8547
2227
3351
4593
5006
351
1642
4989
8550
1984
5621
6846
6618
772
9700
358
5804
8789
2650
8820
937
9486
5037
8270
4326
1505
3385
4812
3316
3442
6820
640
9082
7706
6107
6325
5373
5290
2966
3045
7934
7596
4146
3631
2572
5279
4273
5303
5779
4096
9869
6602
8365
9936
8205
6741
3632
4298
4789
2789
6545
6368
5485
3707
6984
3698
2786
9188
1640
6136
3789
4954
5517
7392
8545
1193
5150
1177
3145
5810
2137
1145
5853
62
3509
2955
3631
7557
8675
9025
2006
1812
4840
4337
1454
9318
9700
7365
1104
7086
3769
1663
2362
5332
9076
8506
5523
5218
104
6982
610
2138
7338
2096
6584
3197
2640
5208
9794
8380
4565
3891
6124
4188
8681
1420
846
4661
9158
2801
1449
7154
212
4616
9967
1389
2384
8227
2489
2300
8038
992
4174
8297
3846
653
1940
5420
1646
3438
7565
7217
284
53
8673
7243
8310
2375
464
259
2312
4287
487
3220
9190
6758
6243
8046
7422
7765
9104
9409
4310
2450
2923
9034
9824
1456
6287
2836
1760
5472
7064
2989
9661
5923
352
3102
1527
5102
7549
6610
1670
2741
6513
358
4779
6506
7008
5027
773
9868
5690
2044
8897
1455
4641
5543
4506
9626
1778
1278
7098
6556
7077
3426
7821
2039
4766
6268
2170
5966
4408
376
4076
8647
1072
5441
1356
2209
6298
1517
6475
1455
3536
3496
9453
6867
7463
5383
6973
8087
450
499
8588
7092
7430
5673
7019
3558
4377
8929
2697
674
36
1268
3982
7569
1923
6195
128
2536
6691
4971
825
8822
1723
9901
4228
7040
283
9567
983
8001
1569
8273
4022
4639
8323
2167
4331
8993
2225
4524
5258
6491
1108
3422
8605
3983
8861
6556
9249
5803
7629
490
6700
7865
2877
1970
6199
6186
2567
7348
7068
5994
9394
3315
5939
2205
5794
4959
9449
6058
7993
8859
1509
5136
7162
9263
7295
5254
1055
270
6442
9450
5326
2564
2736
237
7479
3771
1393
3584
459
1995
8136
1378
3140
4682
7718
5772
4529
9988
4201
612
9396
2
1758
6329
5356
7725
6436
1944
4161
9517
3624
8567
1915
4410
140
4679
7615
3274
6191
695
8991
2968
7244
3386
7504
3365
6605
9080
945
4802
6728
4738
5157
5247
8530
5531
7149
3261
298
1742
7706
5292
5312
4187
9860
7484
1926
9913
669
3764
3469
3846
7755
2681
6364
2122
8197
2853
7476
6208
9953
7078
7325
8655
829
4668
3661
1223
7696
7491
8081
1274
5285
6724
5676
6987
6988
1660
1876
7986
2771
2851
910
7190
104
2250
4388
1358
4140
7495
8394
2943
3596
721
9460
5837
6377
4772
4183
4772
2318
9136
8375
8942
796
6539
9266
9641
4530
8894
1855
7146
9713
5905
8276
5408
3503
4049
9017
1
9622
5798
554
4730
768
3235
9143
5309
3268
4756
8124
4627
4231
4388
18
8345
5955
9875
8056
2969
7114
1743
5446
5228
1113
5055
7680
5537
1194
736
9308
9624
4685
7253
4839
6674
1773
1919
4565
7970
7552
6305
2155
9937
53
4220
4030
4780
9620
1135
2362
3663
5201
5468
7282
3297
344
3974
8883
1210
5579
5600
2808
3777
8419
7479
5968
5198
4655
9688
4878
6838
8611
2209
9682
4110
7750
8758
4739
7563
4334
7251
5578
9349
3665
2
4051
9029
1483
3702
6340
6505
2611
5531
8892
473
771
3613
5213
613
7064
3684
4740
7665
6458
1720
9975
1595
8560
6630
9970
7266
6028
2088
1914
3436
7588
4162
9917
724
2291
7644
2327
6047
7553
2481
4598
6357
9837
9018
5965
7908
8091
4833
7179
3087
7662
4989
9400
8055
7290
5783
4458
6361
8546
2326
9835
2636
4336
7030
7453
8367
5148
6826
5118
4374
9521
5421
277
6987
4281
2526
4898
6021
6784
1476
9603
1455
4194
710
7590
9209
3591
6214
1565
2964
888
2623
5136
8878
979
8269
4051
6561
139
2160
7485
3892
1962
3803
3684
8772
8967
7855
2878
5194
9772
6266
6646
9859
1728
2578
420
2134
8764
4044
6431
5298
7493
2676
6473
8872
6764
3409
8075
7728
3636
985
4635
1358
9528
8182
5744
6350
1406
750
4262
1531
9102
5536
2240
1294
9486
6435
8815
6
4146
4341
8964
5508
8802
4164
4330
8092
4622
6312
6195
61
9968
3778
9254
4883
1658
8399
791
3797
4111
5637
1546
2732
620
8583
7252
6605
9690
5578
5578
4423
6420
763
5423
2072
3042
7928
477
2715
7612
6190
3629
9609
7139
468
9633
7792
4786
6959
3442
2131
4878
9125
1238
2912
2819
5091
3927
3527
6363
60
6079
6073
3733
2221
269
8344
6037
9768
9539
4373
6393
4408
630
4371
2592
871
7372
1790
6580
5309
5163
2770
1617
3581
6042
9026
4784
5934
4207
6148
1633
4791
7008
970
8510
4078
8237
7033
6740
8707
3436
4559
8277
8139
6135
2481
5678
8353
6399
9526
424
7284
600
9987
5962
9857
9279
9693
8881
4236
9807
2192
4950
6063
5367
2869
7890
571
7662
7989
7927
6973
6753
5126
916
1405
8992
1991
7661
8796
9341
7764
6477
1242
4611
4582
8824
4446
9173
2707
3776
2791
8558
8406
4140
9874
6283
8987
6711
8705
5484
3501
3669
880
5853
5446
8750
2609
4660
4496
9052
8022
3062
6198
6614
963
4394
19
5240
475
7482
7916
7882
2263
7
6051
4725
6597
1118
204
8275
942
7300
1317
1632
7361
2523
1963
7333
5557
1798
8501
4051
5292
6332
8920
9018
5743
9478
6631
5816
491
7537
1102
5228
3372
8005
590
1408
3189
6062
940
5336
4309
8012
3706
2853
9492
2382
6340
8631
4318
4782
8313
4640
4160
9624
4182
9127
1022
5079
4638
1104
3839
4359
8883
3693
6368
8051
7293
792
4690
5392
7779
2070
2079
4572
6643
6121
9792
5154
2812
6047
8177
6958
2813
5375
6663
8083
6470
6622
1682
3741
9429
9921
5412
8689
941
351
7994
402
5294
9960
1477
967
1535
9345
1633
7276
1521
9100
7680
6317
8140
767
8990
9718
3951
1819
2176
2217
403
6524
978
3562
7387
1522
586
5068
2946
1384
6045
9333
4980
5089
7084
5455
5787
5147
9988
3256
7245
7486
2997
3353
8582
4833
1502
152
1307
5243
4870
8658
2151
4583
7013
8748
2634
8985
9266
9260
653
9601
7720
8360
7192
275
7071
5249
3814
2519
6018
6035
4588
6873
361
56
5395
4896
8976
697
6201
3896
6330
9860
3326
3828
6250
3668
7165
9524
2768
4202
121
812
5622
4214
5021
2425
6695
3147
9471
6177
7526
8648
6189
1733
5026
5460
1776
4204
2544
5245
1496
966
2616
1741
7681
6205
7355
9842
6487
933
3082
4431
7084
5196
6398
8828
2315
7214
8008
3994
4249
4475
7415
7688
5104
1319
6499
446
5525
1005
6333
5554
2122
1692
9944
1560
810
2097
4934
7826
8959
7358
3365
5004
5807
9515
3510
6990
2300
9385
4432
6187
5657
234
701
4340
8974
1055
6459
8496
8103
9983
8409
8587
9612
8291
7074
9975
5520
4278
8935
4442
6230
335
4716
1333
722
8493
9321
3196
4907
2845
8849
1667
346
7954
2554
5192
7522
5016
7821
4406
463
773
7712
9550
4728
5673
5187
2765
3308
6300
99
6495
1095
8565
527
3808
6354
8188
6241
346
9506
5329
7424
7629
3044
2164
3808
8945
3304
5658
78
9851
6188
8792
2044
9032
2830
2978
3190
4064
4256
5280
9141
1151
7111
3094
5772
4945
1726
2640
4125
3973
7477
8387
26
5262
4457
2701
356
2475
3963
5920
8608
4714
8896
858
3728
2967
2965
9182
2956
4641
7179
6587
7314
3881
1290
7809
160
8709
7037
5165
8388
4457
4808
3567
5849
6226
6385
8251
5763
2126
7302
918
3797
2810
5062
6326
2116
729
3851
5452
3253
4843
956
3639
3008
8286
7814
1557
9102
3497
961
2878
3373
7786
6996
4279
2060
5116
340
9378
2250
2167
8866
745
7878
581
5519
1169
4567
856
9674
8255
9704
971
4490
895
3750
8313
2045
2640
7249
1061
6837
9686
927
5533
2954
4407
5094
6959
2953
7066
6120
4620
6749
1577
8596
174
5042
5149
5122
9750
7021
7521
8492
4527
1038
6039
887
6811
4454
3307
6970
626
8909
5840
3082
877
9452
4048
1145
3353
5236
7938
7696
3304
5480
245
1286
4721
6106
6258
391
4983
2440
7622
7546
8218
6344
824
2597
1477
441
3368
4893
338
8774
4539
8026
6862
6236
6425
3499
8362
6867
8687
4969
9213
5244
4512
6634
1761
1278
988
8196
2601
1964
1241
2610
8010
4146
7162
7552
6812
7393
4526
3989
6860
184
3025
1762
3741
2611
322
5482
1907
2617
1312
1106
4329
8766
8848
2994
6736
6980
2091
972
4567
3767
5371
4826
2784
2002
1433
4949
7210
6439
4814
2276
8583
385
22
9518
8531
3355
6364
2842
2272
3638
4636
7620
7824
7595
5273
8096
6838
7336
7944
2380
6655
5722
1641
455
5536
7404
5421
2194
1704
2417
4145
8913
8354
6737
1941
8157
8729
1700
5681
3999
2835
5128
2521
1041
8138
5506
2167
5378
3577
2661
946
1842
8547
7785
7187
9997
1383
122
7689
3673
5284
5152
1386
359
691
7720
1664
5956
1456
4245
6762
8592
4081
6153
9134
4990
7219
1549
9498
6357
3887
9279
2022
4580
4302
6072
8428
8013
8606
8632
4069
48
9507
7424
1751
2347
4412
139
3163
4872
370
7479
4678
6082
2666
5843
3188
591
6598
2627
2345
8458
1259
9770
8611
5684
2579
7730
7915
9566
2648
8871
8347
3447
2114
492
7368
4840
8545
8274
3546
3662
7906
4426
7867
7268
8265
958
9025
4970
380
3462
1771
5803
6768
3814
7010
327
6235
3485
6700
9234
7854
1223
8733
1063
9841
7707
1407
420
9427
7256
3945
1738
3653
6055
9365
3427
7044
5552
8177
6440
8955
232
6111
8364
5805
2532
63
4239
6225
428
9770
4267
2165
9836
1336
8458
3734
5759
8889
5007
8775
5961
2211
6237
8225
8646
8691
9252
2449
8878
849
2371
6236
7532
6932
1669
7183
5719
3632
255
8547
2838
2624
200
6267
5086
6853
6891
2246
952
2062
3118
4581
8162
5711
818
8570
8832
3026
4911
3991
7019
361
2002
6196
7454
1043
7899
6764
3506
7294
1927
9574
8136
968
6287
7142
5345
3661
235
7973
6607
3791
6619
206
2949
9708
9665
5260
6742
5787
1527
3092
730
4607
4745
3843
7469
6872
8631
9964
5746
4738
6144
4227
1200
4930
4210
4767
3852
3042
1068
9316
1098
6647
6747
7008
9850
4038
1098
3580
8322
8928
1904
5765
575
7746
5302
5072
258
169
6921
9202
4002
5059
4585
288
5604
9057
6529
1862
5168
9140
7231
5180
9300
1529
7064
7300
4430
5428
6756
7108
5223
5644
4692
8408
7882
4958
3896
7695
8939
626
4193
3259
3824
6972
1210
9612
2113
5241
3078
6037
261
6690
5483
2862
5155
3167
5212
3417
8590
4152
2335
9468
2384
1199
9166
4696
9178
1940
6186
8707
6539
6799
3505
4386
5228
1540
8099
139
4226
3409
9476
8869
4071
3030
1943
5859
1624
719
5156
7142
1954
691
6474
261
6906
7209
8668
1123
5872
5393
8124
5716
2637
7699
8506
6441
526
6169
1267
1005
9308
8453
856
6417
6623
3373
8055
4829
7292
389
8048
4418
8673
2223
4903
4424
7807
9157
4400
6776
4988
7847
8209
6191
3481
2231
7971
1017
4899
3565
181
7362
9838
5663
2625
9196
4109
7953
7478
6589
4326
9309
5295
3234
8381
1382
6548
5291
3990
5619
1434
7205
4148
2240
2033
582
8473
6298
5167
6004
3667
9349
8023
17
4773
4863
9332
8362
8311
2888
2232
7660
3195
656
6742
8234
1753
2377
5241
5323
2323
4251
5319
692
8099
1781
4783
5418
8475
603
7306
6848
6083
8562
7809
7115
680
3980
8413
8160
8714
3483
4875
5918
7052
7796
1155
621
4454
8281
9673
4903
5559
9763
5672
6218
8860
6638
7801
1009
235
7385
1347
4740
9817
4344
4586
2892
2423
9402
3077
9583
5376
6188
3788
5800
7069
6320
8593
8035
2433
711
1810
9658
2961
1662
4221
1556
5531
6972
5279
7506
9685
6428
5882
7496
9866
5142
2156
1502
8306
9992
5970
813
6806
8792
9583
2944
5380
1165
1074
2495
5734
8979
4305
1689
8107
4612
1979
8559
6497
7052
9515
4515
8080
4701
8454
29
579
9808
3814
5123
9754
373
5339
4110
9513
5318
1312
6521
706
669
8812
2251
178
2937
6684
1624
6081
2537
1260
3428
6861
6275
7592
1334
315
1916
7471
4339
8986
5466
185
1008
1801
1785
5003
2068
8616
6759
8318
1282
7242
118
8350
3846
9789
6834
8330
6907
8128
3217
9906
3556
9502
2262
9029
523
1076
1561
9271
5151
7626
7135
56
7157
7586
3066
9601
7449
7841
7819
7461
2652
9112
7143
7131
4028
7700
8502
678
8271
2204
8816
9229
5953
7705
4210
7970
6163
5729
5069
5518
366
8468
2302
8490
1645
2630
287
2937
5646
2812
946
3274
4085
6980
6963
2100
3742
3192
7183
2951
3790
9629
1667
3624
1291
3284
1873
3848
8289
275
8923
619
8813
7131
6362
8137
5379
6716
996
964
3754
3828
71
542
6449
7417
6390
8265
5186
9224
7933
2653
1584
7415
7373
2061
246
4189
1782
7335
6235
9470
1761
1679
8289
4954
8538
6007
1278
6127
8068
8899
293
9086
1889
8758
9331
2320
776
8279
5505
3668
55
1580
1897
508
6087
8683
1298
5990
7123
8367
8033
1112
2430
3193
6150
4722
8162
8196
9306
8922
8671
5861
3722
6272
7392
4884
5704
4961
1116
1024
2404
8047
5392
4758
6210
1644
6975
346
5384
3284
2145
4112
4234
7171
1765
5015
8344
7843
1095
8349
7896
6557
3075
2573
7162
9355
6883
5740
5038
809
4596
8055
9491
4565
8531
7140
7140
8833
8625
7815
814
2206
9719
5062
7287
7822
3013
9205
9773
1903
9348
2540
789
8801
1110
9255
3408
4246
4515
7619
544
7990
3031
7857
4016
7822
2925
2196
582
4169
9208
6793
1322
5419
7713
1679
7893
6200
4254
2980
8429
7100
6567
2205
7314
5455
1849
3439
7611
7329
7622
3346
5307
3566
5712
7441
234
2715
5289
7798
8287
8449
1402
2551
6581
1500
1724
9890
3169
4510
4685
5188
5724
3071
2627
7143
5230
5853
8807
2983
141
4993
461
4347
7166
9253
7184
5255
7884
6173
6250
2905
8121
4047
9104
8749
1670
8541
9245
4704
9598
1283
223
2322
7430
9468
4192
4046
6740
1584
6135
5051
2620
6633
1983
8788
8658
6571
9238
315
2745
7269
1789
5247
2815
575
5910
1191
6284
5854
832
2183
720
5997
9371
2146
2705
1520
9712
651
1289
2996
7817
741
785
6083
2631
1917
7945
6929
466
8012
9859
2024
9111
5990
33
8706
1349
8838
9744
4105
4135
7415
1825
8824
3592
5121
8260
6328
4909
7486
5211
9983
7361
8239
8698
7036
7593
7791
2219
8447
9848
8773
2976
4549
3768
2680
8539
17
896
1547
6756
580
9717
1388
1226
1897
5427
4114
7306
6211
4120
500
2367
2439
6430
7464
2830
7303
5592
1983
7856
6333
1642
7359
5105
7452
6423
8110
3621
2750
628
7922
3569
7669
7821
6551
3408
3952
3988
8555
3593
6821
8727
561
6989
9955
3857
8997
5181
4768
6081
5847
7011
3601
2901
957
6547
7968
977
453
6193
5475
1163
2638
7675
2503
2176
5482
6385
4131
9237
1866
5194
6976
2608
4535
3104
9134
5305
3535
7457
9479
7840
1229
4353
5378
1456
6299
448
4398
846
9656
3889
965
5110
7478
1175
5467
9720
9999
2483
9259
7070
8245
5649
3614
5927
7790
1379
7398
2316
5092
1648
8098
9327
4697
8196
3163
1963
3098
8185
6955
9719
7523
7421
7828
4976
6160
1843
1140
1456
7154
1821
5440
751
771
2392
2110
4030
550
5649
4178
3723
6929
9668
4596
8655
8819
3790
5492
5696
569
4486
7162
7506
6291
1580
6214
4904
2661
682
482
6436
3499
2411
1801
4615
7410
6308
9351
4061
8019
1980
3271
214
9785
846
1640
9827
8171
6398
316
4359
2862
54
1515
1897
3824
8080
8765
6267
2096
4385
9131
4910
9442
7708
9841
887
121
4228
7091
7950
8495
9946
9489
5144
463
5780
7358
7837
8470
9050
4289
7032
8022
9801
6656
5379
6282
4035
9405
2824
6734
1989
2643
1602
9583
2541
8309
4056
2906
9816
3815
8051
3685
4494
2509
4279
6841
5895
5221
1947
5806
8569
2372
2292
7986
7469
6101
7177
1076
8526
7676
1246
7489
7715
9764
517
7385
7573
9509
3681
3010
1878
2519
1392
8084
674
4838
8757
3605
8472
3434
5465
8667
4759
6053
155
5638
4280
3516
9436
48
2134
316
5066
535
2584
3080
7018
7278
9274
2205
6957
3721
4851
2729
8692
8775
399
4105
2771
831
1320
4500
8711
9761
2284
7516
1871
2853
1097
5524
2422
3388
9796
8062
6698
7998
1149
9641
6
8657
8713
6119
211
7158
5599
1361
4860
5009
575
7909
3097
3700
3349
4384
7889
8962
6352
90
55
1406
4973
3322
5077
2510
9653
9129
9546
7938
9112
28
9942
3740
624
5289
7466
7695
5450
330
288
8624
3882
3045
3042
4248
9040
2585
3484
3327
2865
2884
2418
2541
4760
8293
8681
8884
6169
190
6247
247
5013
6091
56
6933
3115
4198
3637
1675
4069
8745
4042
177
7242
3242
9328
6283
2724
9258
4457
5136
3223
2460
3453
7279
874
3768
3145
2942
2440
2442
4364
2040
7796
9521
8974
7467
6243
4275
9507
736
8623
2431
7896
5481
1399
291
477
5206
328
2787
2413
113
1855
6605
4624
642
992
4039
3654
3643
8187
6909
1581
2584
5966
6319
1927
9777
2318
4553
3368
4500
8813
5768
3000
4535
9718
3341
2465
8878
6604
7435
3863
4410
6251
1163
8322
318
8920
7942
7635
4608
5926
5258
4014
8950
7301
5544
7390
9227
6077
543
7624
8783
6049
2626
5212
6357
7915
7342
6914
7579
9852
9658
8140
9339
2452
116
2972
3702
7386
8108
4678
9796
6781
9561
5666
3804
4998
4383
5324
2307
3094
5315
4097
4333
6356
6123
5661
1611
3377
390
9577
5882
5834
2353
2004
8225
8608
4215
1069
7198
4261
9011
6172
2207
2551
5158
5215
4553
5259
6636
9150
140
4742
4397
5883
1516
4868
2484
134
6570
3916
3489
1087
1987
105
396
7619
9375
9953
8167
3518
7984
3429
3415
4302
5635
4746
4820
6192
6273
5080
9997
6174
4212
5270
8160
8857
7220
7526
2923
6718
7777
2656
1867
8552
3176
4287
1456
6040
7459
9649
1450
282
4481
4654
5183
9142
3959
9164
5704
3927
961
114
719
2248
3157
8354
3283
9679
9602
10000
8742
3586
3381
6043
157
2694
5595
8460
8245
7900
473
7172
249
156
1597
3867
650
1016
5041
5117
113
875
6090
18
4377
1571
9438
3704
2540
1945
2578
7296
9388
5156
1578
9880
8773
2271
9312
7256
1719
3848
1825
9033
3723
8471
4245
6187
6274
8426
5435
6313
8844
7404
1191
4263
3650
8863
3773
2918
8533
6073
2994
8338
6216
5971
8232
9299
7507
1847
3112
6126
7841
4668
5825
5863
4533
4655
7188
9952
2505
3944
6936
9244
8239
5253
8582
1932
3291
9554
9728
1843
1313
9920
7953
8380
8218
9885
8165
7649
7554
6300
4304
4997
9480
4418
1905
7274
2179
8448
6222
9031
1109
126
8373
2322
9953
3961
5008
5251
4619
4567
948
7577
7684
531
9458
5775
773
5132
6308
7816
2079
7682
6380
5864
5475
602
4485
2283
6873
2825
7574
3655
6421
5451
9730
6290
7502
5311
7302
2568
337
9708
2557
9808
5920
9275
2739
8426
9402
3705
1954
9781
6196
3202
7855
5249
1847
2622
5116
5564
4755
7609
6863
5345
4124
6606
2818
1607
4041
9337
6246
5766
3226
5211
65
9938
2585
5370
9466
9391
1333
2184
677
3715
5399
6109
9531
5117
1877
4424
7525
4401
32
8294
3937
8285
1903
4333
6356
4728
4392
3092
6130
9726
1792
935
8686
6887
7868
933
1307
4372
5238
7143
6017
1335
528
5909
7575
3399
409
3993
1767
1378
1204
5945
4005
6474
7008
40
3555
6382
8873
6838
1354
923
6643
8925
3707
1956
6695
4212
3990
6431
2954
3968
6914
6819
6988
1670
9030
1106
2526
2771
2579
2850
3456
3052
3974
1619
3080
451
8189
2649
5397
4051
4431
7314
7018
391
8154
9172
836
7249
967
8776
1594
2661
7714
840
2260
979
1444
3617
6371
7883
4365
1937
9185
5510
2191
4017
1953
4732
6160
7277
2271
1233
1088
6935
6523
4811
5140
2115
8100
5824
9527
2723
4986
5503
8047
8119
8564
441
2197
9376
935
6050
5085
8978
6670
1246
9065
265
125
2824
6186
830
123
3186
7747
8197
6134
3017
9020
4254
223
1392
6609
5524
3645
2465
7686
2637
302
6009
1881
7155
1065
9099
7181
3707
5169
4494
2375
1974
9353
437
9045
5158
3931
7245
5300
7369
3464
6905
3466
2936
3634
404
8867
4695
6661
7839
4533
4682
565
4425
3487
1677
6545
2724
9373
4725
461
1076
1473
3551
7733
2496
4460
1179
454
4116
2420
9880
4482
530
1847
3111
502
4284
3054
2364
8326
8124
5217
6925
6821
5525
9662
7549
7453
1135
9476
5314
3706
1597
7158
703
2004
2481
4089
5655
1062
7706
304
5612
3917
3044
1691
365
8594
5017
9301
2215
3354
9009
3278
788
2318
4286
4183
9156
906
9440
6687
312
1314
9313
636
9941
9705
2238
2304
3981
1119
7854
9739
3819
6395
6376
6967
7774
8699
753
3271
1961
1282
7216
3226
2116
9089
5716
1729
1440
4388
3453
8352
6169
4633
8262
7010
5600
3686
556
5120
4603
3307
1095
4213
4844
2696
22
7423
4966
232
118
5047
4130
3060
4688
2225
4471
6532
7044
8661
9251
350
8361
373
4958
1562
7741
1018
204
2685
6806
1276
6134
2702
7017
7010
4927
3513
5206
1545
9121
4709
8869
6444
6136
6926
1045
4005
7458
6660
6545
1503
4680
4685
7355
3522
1450
751
2696
7293
1327
593
9052
1213
7163
4699
9439
7663
2356
2912
8714
1131
8497
7248
3124
3525
6458
4588
2013
8211
9148
1415
1755
3378
2206
3586
5453
6666
7360
6927
4367
5802
8613
160
3023
394
3112
9254
7727
5053
5776
5506
1862
642
8211
1793
5572
4244
543
6669
8957
3883
4567
3558
8901
5523
6742
8939
9525
2708
3370
4815
3776
5970
6761
9365
1146
5535
825
6335
880
8565
1772
5959
5830
2169
6046
5105
7452
3474
5295
125
380
8423
5459
3009
4138
7581
772
7
8545
6941
12
4731
2613
9007
108
32
8862
109
1095
6998
8939
9825
2984
4586
6125
9556
3268
8647
4195
5454
3370
4861
7094
6794
8442
7338
4018
4695
2730
3541
567
4664
9339
6481
9679
386
5956
3710
4240
4420
3311
9761
149
105
3634
6977
6710
8781
7238
6754
6992
764
8370
5688
6825
939
1753
43
5462
6018
2258
4015
5785
3862
5815
4567
3554
3819
3569
111
3850
9170
5759
9262
1360
6322
7396
8161
2989
8039
8038
3940
3499
8600
1303
219
5486
5754
4729
7752
8833
7754
3389
182
5513
365
4951
2858
8471
9673
2231
2237
6738
2074
3003
4251
3716
5372
6436
1578
2190
4748
4395
3318
5487
3590
8356
3929
2345
1853
2673
5500
4557
6299
3552
2391
8734
1498
2159
8393
3273
7305
1755
3835
8238
595
338
565
4550
7346
495
8413
6780
8814
554
948
2297
1247
6794
6004
801
5182
6146
1861
8075
8239
7655
7669
3474
9736
6025
8725
8979
3070
2642
4823
3675
4002
2114
8880
99
4610
1700
5459
9652
9581
139
2563
5337
189
7624
8123
6128
8067
6282
7273
5217
1114
8401
4769
5073
5251
6263
2371
4170
5686
905
7429
7807
3885
6063
3487
4767
3463
3071
5061
1910
38
2847
5365
4858
2262
2291
5430
8711
446
2227
872
6024
9100
5498
5264
1622
3180
9372
3742
9507
6658
2229
6679
3566
5958
1144
9597
347
1994
1213
4496
2621
6956
7006
8333
8684
9183
285
3194
179
5545
1042
7983
925
4864
4733
3644
3530
2941
6120
8823
164
8916
6831
931
808
2679
562
4022
6753
3238
9203
7132
2048
244
1155
3725
8771
1696
6650
2488
2070
8358
2700
8057
1463
1804
6600
5620
3161
6170
2506
249
894
8871
5549
5747
4390
5178
4521
5019
3384
4227
9676
7331
4056
6280
2630
7180
3616
7573
6914
5166
8323
2548
8005
4030
4711
4676
9468
2663
6454
2306
7729
5450
7729
1150
3771
5286
4968
5777
3908
3149
6687
7024
4393
9849
3527
1815
3550
5124
2388
7748
4140
5456
3128
1900
9540
8245
8027
2746
47
3492
8734
9904
685
9249
4388
8204
2713
2184
760
1678
6071
6188
5110
2306
4043
4603
651
7086
3216
8390
193
1780
139
1711
1018
7497
4211
1010
8303
1951
4973
8245
2786
4901
2904
9821
4572
5487
2502
2513
9246
5597
7612
21
7279
3165
513
2931
9846
8264
9227
1562
3535
4844
5245
3107
2565
7354
6611
9184
506
2801
2213
6686
1794
2805
8697
3921
1018
6241
2337
1846
8185
3728
9156
5235
6537
6716
1177
838
4114
5647
7740
2962
1276
6139
7615
5156
1730
6577
6032
9817
3204
7855
5625
1223
2860
4514
453
5209
7098
8807
7687
6494
9701
1062
889
2781
4120
4453
7065
9196
3502
3255
8983
5717
8604
693
5751
2237
5517
6385
6918
3367
6940
6077
3192
9270
9862
6255
4591
1449
9735
4353
8727
1442
877
5700
314
9062
5518
2295
2505
59
6569
5485
6838
7032
4087
4643
2580
9986
4216
2561
481
724
69
4847
2933
6771
9234
18
7777
2936
1627
4993
665
6916
7045
4552
7686
4167
400
8908
6671
3148
5018
5349
2716
4887
6862
761
6924
5778
585
1338
959
9132
1103
6905
8634
2708
4568
7992
8859
6525
5127
1279
1521
2452
282
9056
5521
6270
5538
5315
1574
3272
4956
6540
4326
6920
4429
2793
1320
7715
898
3757
8851
4976
117
8215
3561
5165
9359
6868
8796
5281
484
7478
9328
4703
705
996
784
6397
6023
3620
7378
4421
658
9449
7199
4610
1907
4827
7508
8348
2657
866
9990
7682
3622
3362
4853
3687
4629
1094
4682
439
9227
3693
2725
4250
559
8908
7296
6774
7772
5360
5714
531
1458
3302
3940
487
8233
3295
2182
6551
2531
7357
6138
8071
9307
6918
4765
8618
8461
4738
6199
4813
2950
9890
2681
4966
514
4457
4791
7255
9455
8151
6665
3425
2318
3916
1257
1224
944
9055
6342
4571
9484
1143
6639
3156
4175
4594
6697
2463
3525
4464
5329
8720
1098
9723
1941
73
4409
2400
5050
6204
1065
7823
1370
6948
5300
2025
5622
3551
7920
8626
3424
4048
4519
1632
2135
766
250
4540
7081
8319
778
3447
2456
8759
4860
1680
561
7136
1491
1923
4759
8213
7388
289
8940
1052
208
1738
1777
3278
2867
8192
429
3688
5939
9742
1857
777
7209
5108
7210
9024
3378
3334
2075
6708
4429
3220
1993
5330
623
9756
2980
1703
7943
6105
1309
4579
2511
585
4202
538
9580
562
403
3104
4431
2287
9400
7060
586
1086
2129
2130
8113
9246
5758
2284
2129
2039
380
3529
1759
1608
4530
1034
9587
7783
2554
8848
1926
579
9685
6939
8656
2515
2494
6029
6399
9090
8219
207
2636
39
8304
5284
2309
7825
5733
758
5762
2727
3315
3372
6688
227
4331
4393
6785
2951
6093
5747
8732
5925
1037
1135
2699
8324
5135
6875
2272
4169
5808
3935
5302
5903
3875
9551
1408
3020
6032
729
4179
5209
8830
1474
5147
393
29
3771
7798
4401
2365
7552
1656
7410
5396
6100
1614
6642
4328
1709
2553
8571
6772
6749
1903
2810
622
8918
4261
9502
9005
2477
617
302
6317
5206
1435
4569
4335
2286
499
6971
5534
4162
4277
3093
2406
3725
7030
9830
9714
9610
3658
2181
6213
2165
7128
6268
4335
3210
5944
3261
2774
4254
5615
8246
6003
6477
2947
1836
2313
3575
5739
1885
8404
111
7850
901
797
3371
854
5585
6569
5025
6343
7761
402
8067
20
275
9901
2215
2036
9161
1862
4812
9307
7786
3705
7844
730
9410
9175
7081
1304
4653
1772
9693
7699
3457
697
568
1282
9894
7740
1609
6996
4742
6792
1825
1261
7888
1623
1175
1260
9926
4539
374
1080
5499
2635
5125
8121
4450
1164
1321
5270
4546
356
4347
5577
5249
8221
2259
20
859
7912
7106
1454
4422
3005
8602
4664
645
3903
9658
9678
3374
9608
6928
7535
265
5947
1276
6816
7204
8743
5789
5773
7023
8349
2023
5725
9849
7820
8608
9221
6059
5618
2297
1418
4742
5478
8242
1102
668
9556
8981
6233
8390
6016
7004
5973
1328
44
8741
9013
2342
8840
8562
5945
9198
3472
9592
5116
5506
6894
1064
9895
2860
1996
1557
9454
4268
6308
7256
9843
7051
6249
4803
9185
9291
4074
9229
8543
6381
3971
2498
9077
91
407
8964
5788
4307
1021
9624
2290
8656
8199
8837
2966
6745
1226
5012
1981
9
5395
9307
1441
9650
2909
2070
5056
9694
9317
2598
5559
9503
7552
5370
6890
384
4645
5147
1438
1545
4187
6711
3802
1845
169
7373
4494
3656
152
8832
9684
2921
6370
6268
6676
3918
9822
2498
3698
8536
2736
8090
4966
1630
432
9849
7529
8485
5758
3168
2218
3318
2765
1085
629
1783
3755
7191
4345
4957
8965
8309
3784
5768
3254
8788
1142
2892
3633
4295
7885
6415
2419
4514
5938
779
5649
1962
6848
2846
6293
694
5903
7486
1601
3629
8370
8117
4710
4262
3019
840
7348
5137
8394
5360
6065
7787
3111
161
8558
3725
1108
8359
2582
9839
9511
4970
7525
9208
9923
3625
7368
8017
8051
5779
5626
1656
6011
9887
2631
2343
3687
1841
4784
8159
8901
7919
5221
6699
3775
1178
2
888
7062
6466
8272
3649
4158
779
7009
6443
3561
1509
6814
635
2236
1035
9746
7878
9846
9269
4776
6844
9371
5088
9770
7105
4621
1306
3718
4184
300
7854
927
4470
4353
1441
6349
918
5986
8226
9179
651
8839
3498
9175
1464
6269
5450
6909
6282
3524
260
849
8540
3886
8735
4588
1204
1111
9738
241
695
466
1766
8432
5776
7453
3503
5791
2050
7669
3793
6604
7464
2220
9475
2098
4205
4412
6612
5970
1926
6309
2577
3082
8479
766
3855
449
2072
1252
3748
1147
4584
808
5869
5134
4610
9458
1295
3687
9224
3920
6608
5616
1378
3244
2239
914
1575
9024
6228
8472
5292
1614
3405
3747
3135
6966
9393
4748
499
9274
4189
7007
8412
8273
4272
6990
1147
5392
196
5215
6741
7927
3140
4719
1559
5887
1989
1881
135
6000
7597
8234
9589
4595
9981
3960
5416
3720
2196
3213
7467
5981
2751
6353
471
7601
3194
9411
2365
523
8980
4841
8740
1871
5634
7361
1103
3042
1252
839
1079
509
1324
793
368
444
2085
1011
548
9143
8700
9772
1999
2319
3531
6069
8435
176
4984
1450
8987
6875
1948
4959
8133
9753
162
208
1904
8515
2503
6215
2269
7816
1753
8243
7958
6000
9177
3421
5480
8013
4894
4258
330
1279
7884
6444
8173
1096
6795
5283
288
8134
2177
3340
3464
3057
1310
8288
2135
1084
2191
2539
609
451
4595
5283
1988
5956
2304
9175
3331
718
8929
4670
7814
5177
3789
7894
4350
9372
9000
877
5435
7820
714
5318
4016
6914
8517
97
9329
746
3899
3118
2948
9319
1273
2018
8877
2394
3239
6184
9725
9522
4250
8645
3018
3169
7389
3996
5923
5110
6299
8719
1100
6415
9942
6284
5998
1857
4852
3789
782
7456
7082
5743
2937
9112
9566
5334
4533
5801
2270
4828
2693
4409
2342
7771
8495
1724
8207
4140
2110
8367
1244
9060
944
7850
2991
5142
7371
5862
3367
1681
5841
1610
8230
4750
4064
444
920
9870
7893
2231
3019
7906
6262
4522
8293
4117
7962
9134
5329
295
4271
8179
7278
7122
4615
8433
9064
8919
6879
2868
2098
5017
5502
1740
1295
6390
4328
2205
8038
6690
3860
1597
814
6577
2116
6321
4734
4224
5731
6603
1413
5361
2092
8877
6567
3981
4047
9317
9213
658
7704
975
2049
7591
7956
2936
282
2346
4774
6656
4702
4689
6133
3356
1458
3383
8172
5618
2115
782
8170
5392
820
9998
6308
2670
9346
1017
4759
4457
4052
7458
9091
4612
7957
5856
4567
96
9903
1625
3243
4457
9747
4245
5586
3370
66
1449
3053
230
623
4748
4116
8222
8660
2878
3386
4304
4463
762
5393
2218
9957
7410
4356
6054
4204
4897
2460
6494
8913
1614
4770
8023
2663
9786
1378
3179
6625
7621
5564
2772
7667
9097
7056
7874
1542
5406
3046
1048
6763
1544
2817
5146
3317
2941
5970
8097
6426
9442
9904
8779
3456
8568
8058
2660
2253
501
7467
4377
2237
1920
5364
1015
5998
3161
2121
610
6111
9650
867
5060
571
9409
3404
6722
3661
7573
3538
8493
8657
7029
5690
3820
3006
7290
7223
8505
8288
2173
4265
7585
9795
3366
5444
5534
9298
9668
2742
4588
9729
9307
6090
2683
3512
6847
97
7384
840
7210
8344
7274
5949
1413
2281
7325
1411
8610
1542
1736
5829
1768
7470
8304
9084
6150
1176
2758
6863
6025
3448
3239
5057
1272
5269
4455
2513
5229
5793
6891
9900
220
1063
60
1381
1717
6715
5805
1328
4958
6637
1332
6092
3205
8230
9595
1669
8671
3483
4551
1060
2601
9550
5527
7712
8683
2049
4503
7918
362
8982
2624
8511
70
578
2794
7514
6245
3699
6527
6772
1567
8984
6998
2106
1311
5033
4947
1940
3306
3911
8430
6175
7266
1761
9680
1573
8696
6270
1701
494
1918
5017
3131
9863
8297
2636
6741
3401
8854
3152
495
4163
177
9293
5751
1806
5654
8009
1746
8585
2073
4673
2304
7625
2990
3095
7412
4611
3700
3655
5151
1746
6276
3136
1115
8784
5322
1597
228
5411
6246
8988
5924
6996
3351
9434
1273
669
529
32
8909
4343
1135
9143
7570
596
3186
6961
1760
6498
1730
2610
4216
6459
6307
7968
2553
9389
392
7544
5966
4026
1993
7436
2953
128
6703
9795
1836
6378
6336
7753
5303
7204
3307
3922
6904
1708
8141
3654
4545
118
1690
2898
9669
4939
25
9979
2146
6415
7394
2659
4732
6
1124
1872
5734
7101
5106
21
4194
9048
3567
3343
9836
8566
831
8067
8219
7988
4869
4070
7506
7785
9449
7969
1208
4267
9024
4410
4102
3971
8373
8883
6060
2878
9917
2764
7219
6488
3406
508
16
9397
1553
668
7025
9211
2490
296
6047
6902
4539
7357
7127
5968
2030
4275
3210
6696
8187
1584
8880
1439
6526
1285
8986
7846
4005
7163
7998
2701
3182
2099
7589
1674
2208
33
4846
3658
1253
1111
7422
1035
3372
2782
4881
9422
3776
9371
6342
5485
6920
1862
8897
8993
1222
5745
780
1776
5514
2656
2041
6792
7668
2619
3305
8517
4046
6367
5335
4389
1570
9727
909
5877
2354
9719
8891
2681
4209
8864
6544
8982
5390
142
1424
8015
2125
8316
9082
6333
8991
2641
5390
772
8035
3877
4201
4106
2806
1049
6820
118
8942
6276
2681
9157
4004
8613
9461
9340
9722
9405
1808
8376
5712
9090
4634
2964
4856
9721
2567
1262
4342
1864
1308
8249
1515
2755
5314
2104
9938
567
9562
2614
1729
2830
7429
3601
4406
12
167
5356
5640
4244
6783
2684
7717
6939
3960
8636
4350
3414
9230
4628
7131
5442
5789
877
701
3798
2486
6021
8700
1436
5723
1172
7359
6034
3104
8463
3875
7167
6811
8205
2790
697
1296
249
4318
6212
2086
4444
5953
4939
8002
6453
219
1662
6534
9853
8148
27
678
1319
3732
3300
181
5310
9344
4214
3950
4031
1298
973
6490
8631
7676
8536
4672
4661
3419
555
6836
3216
1415
5124
9358
1978
8754
7566
4318
5019
9312
5514
4337
9069
748
6166
8141
5790
5581
7526
3122
3335
6872
3373
2242
8113
1330
5079
958
6465
2894
1083
4940
2490
7684
7020
3362
7045
9242
7913
6413
7789
4558
6075
8292
5311
8721
3585
1707
8660
3687
3509
8063
5916
6214
8326
9632
303
7978
7604
2500
4499
7970
3945
6043
9742
5500
600
7983
5306
2931
1703
536
9534
8454
2770
1526
23
3196
2990
6848
7122
1024
7175
406
3951
7797
7823
441
3441
7676
5867
7250
3122
1243
6359
1697
6616
5752
8798
9474
1937
44
7944
4001
9089
1321
6066
6078
5956
481
5489
8673
6165
8661
4479
2927
8251
687
6264
6326
3057
7321
1068
3573
3425
6480
1289
7738
5992
1083
268
8037
8804
2406
3275
5710
3997
7330
7622
5611
8260
6837
5228
8644
3622
4472
9909
4701
780
3690
6386
395
3110
1446
5560
6455
8880
3505
4802
9994
5199
9857
8898
2764
1560
8995
421
3564
2263
6573
8249
6555
4185
3260
1165
1848
343
6740
5378
6749
4282
4468
5164
5920
2226
3074
3483
8755
6393
527
702
9865
1655
7991
7931
6255
8806
5118
9734
3630
1005
288
7995
9522
2815
7287
1164
1545
3297
7867
8828
1959
6100
6988
8704
2834
8860
2060
9801
6811
3365
1670
2070
2824
1644
1485
8123
8920
4796
507
954
3745
9592
1295
4361
9109
5487
7073
1372
3596
7383
1476
7904
7237
1338
3458
9274
7727
2689
6621
9260
2048
3516
5941
2689
1441
3253
9859
9942
4215
940
6249
191
4782
5069
9649
740
2264
4719
4800
1149
1896
8538
6941
5004
8760
8145
2403
7373
1429
5114
8266
2800
1512
8741
4980
7198
8001
691
1646
1320
9543
1079
2773
2493
3769
5010
1315
7794
5291
7198
3207
8687
8055
8308
1804
6571
6625
4396
1600
2397
9822
3216
6186
5994
192
8358
8994
7218
389
3148
1952
6570
3124
1964
2371
3991
5701
9634
5918
728
715
4750
4130
5425
94
6395
8567
5721
890
3296
5288
9214
2370
9378
4640
5999
1901
8188
4948
3980
6252
3923
1172
8097
7326
8840
8939
7986
575
6447
1675
4176
2765
5277
2688
1047
5583
1517
3819
9749
5735
8939
840
2368
7739
2910
9117
645
5801
4463
3452
8696
7868
7428
2735
8837
5643
5912
6504
6838
7808
3224
286
1230
537
440
4833
6814
5767
8276
9891
2727
229
3203
4187
8359
2440
5204
5715
9366
2914
6473
778
1781
8280
2625
7397
5769
9342
6553
8563
5649
4308
6253
1800
2022
7750
3432
7365
431
564
9290
6794
7563
6017
1271
3119
4584
3535
8178
309
1355
2537
1651
2530
4547
3986
9120
3483
1085
2829
3642
5797
814
7423
2732
5735
1081
4697
8593
7036
4075
2996
8718
531
817
5105
2429
1571
1382
2655
1953
7594
2454
592
7435
1753
8504
8943
4061
4019
1324
2469
1936
5160
1768
8495
1656
7938
8893
6949
9998
2846
9244
3249
210
8452
2876
8463
977
1812
9058
8134
3579
913
6370
1574
3099
5567
6791
8289
5781
4804
2176
2521
9755
3439
2460
4731
1552
203
3371
4957
8883
1686
1014
6742
7636
317
5659
2211
9419
3060
4599
6994
6254
4811
2653
8456
8256
2949
8598
8621
2428
2554
7901
5052
1403
7416
5161
2193
2381
6244
3530
2882
9875
6932
1525
3914
9584
5652
4374
7488
8399
6394
5848
5522
7246
6103
3621
537
6273
7972
9342
9065
612
9185
5202
303
3598
6376
9905
7346
7285
9995
6296
3546
3502
2134
288
6614
4108
1183
8910
4545
3235
6300
1295
8208
5852
4460
7919
7227
7841
6102
732
8939
2132
6528
9317
6777
4968
7188
3751
2218
867
3495
8551
5013
8158
8122
7126
3789
6837
7170
9498
5949
3586
3409
7334
8176
5286
1300
2097
6512
8768
7515
5856
4758
3441
6082
2925
5844
8102
260
6230
1956
118
2387
8430
7240
4124
9051
6370
3401
8722
7929
376
8206
9231
3048
9820
2753
2613
8355
5227
4540
9393
5939
2111
9619
285
6614
8509
522
1091
6450
2103
116
3663
3011
249
6824
443
4486
5580
804
122
1882
5990
1114
7533
8716
7050
740
6735
4036
2006
539
5503
5752
4023
6671
9878
4383
3524
8428
1841
9046
5650
7566
9769
2346
6932
3025
8554
5848
5486
4130
8750
8300
3113
2105
3343
6116
7853
7696
5380
9298
4729
1876
679
3298
6966
63
568
3030
7371
6275
3823
1769
4440
3960
5120
4206
3668
9765
2299
4360
9272
2266
5466
8828
1296
5466
9172
8269
6500
6387
1961
6402
365
6039
2407
1610
2759
1548
6261
522
7233
9581
4646
4115
5493
2785
84
9993
9121
8204
2682
3961
7853
9275
9614
5121
1094
3377
3690
2615
5278
3511
759
1469
2613
6048
8403
81
5205
2684
6010
9393
8053
2240
2804
8248
6801
2424
5692
1933
5864
6041
2675
5871
7122
1301
6188
2700
129
7022
531
3641
661
949
7793
1906
7057
4054
5408
7737
196
2975
9329
3561
676
3955
6028
1102
9008
5549
5244
6151
6355
91
5603
2001
5360
5925
1736
6276
4357
9075
3014
3274
3383
336
3863
6171
9084
271
3853
8669
9335
174
8565
829
6121
9384
5120
5262
400
5930
5295
6446
9104
140
973
8360
2428
6645
2325
3997
8725
5109
6410
3651
8205
4210
7823
1325
7368
2690
648
8271
3823
1989
4301
6550
6709
7614
9014
85
4245
636
2456
9126
7177
9564
8254
1940
9106
5038
6105
3722
4936
4694
1537
5638
8667
4059
4956
4669
4347
7347
2202
829
9193
9138
3354
1945
8181
8542
7787
5014
3069
9973
1429
6158
6498
9707
6072
6057
6837
8907
9323
317
9476
323
8621
5997
9397
2583
4485
5167
8038
8604
17
6161
1311
1694
241
1728
7165
4907
5462
2662
1285
9418
2160
1628
9006
1071
3605
1928
9582
2361
9050
7842
6001
4137
6184
7416
7807
6293
4979
8547
8212
5426
9029
8298
5983
8332
7750
8618
4575
6167
107
6386
8944
6952
8895
2192
9983
7440
5180
4657
3525
8417
4571
4007
7970
9499
6194
8636
6477
4951
9176
6387
5094
4430
3025
5650
1060
6833
1416
2113
8684
6945
494
5054
9923
8051
5805
9848
8271
87
7924
4716
5809
314
2522
8107
5500
4012
9649
9965
1373
5198
6233
2530
3221
4620
719
4993
4278
1172
187
7234
3571
2287
4123
7682
9066
2614
5942
1498
6772
7010
2624
8254
7442
6476
2256
3214
5144
811
8927
9140
812
6839
1855
8819
32
5023
6465
7775
3802
3476
3750
8018
2332
8834
3736
8130
636
3616
2909
3556
997
5609
5676
3446
6941
6899
5750
4913
3005
2536
4645
7698
3165
5043
3269
6651
2298
9401
5952
3398
9034
4327
9059
6553
6220
933
9445
9071
7135
364
4805
7193
8018
7540
7038
646
9893
6790
1318
4694
7638
4818
7075
5019
6797
9135
8982
5789
1378
6532
4767
7898
8259
608
5727
3057
1203
9143
114
2358
2030
8416
8931
5351
8147
7075
3908
667
4602
7489
2573
7818
822
4029
217
7113
4659
2184
6883
8368
5480
7932
5351
9493
2942
2142
7978
1424
6914
5568
2650
4138
8929
7632
1893
9632
7205
4431
7350
2582
2753
5398
8706
2390
6978
8068
5529
9553
9346
1882
6052
7551
3208
699
7658
7646
9484
8750
2953
9312
8110
73
7279
7638
8983
4820
4165
1709
3096
5949
6595
287
3453
638
4165
9421
4647
8985
8870
2538
5829
8515
1615
4092
4852
9025
4929
1654
5414
3822
6243
5570
4366
5855
1817
6438
9307
2357
710
7760
4304
1087
6323
2559
1291
5839
292
6426
9701
8204
1559
9858
4128
814
7644
4315
9307
1707
252
7895
6991
6241
260
3172
9560
2992
2021
2948
2287
7219
371
467
6804
7732
9623
6373
183
3840
4666
9238
1249
6559
6911
1374
6139
3094
2507
5568
9941
5133
2952
4571
1782
9343
4102
2395
7973
4644
4348
9469
8116
4395
8507
2219
4753
381
5411
9124
8513
3200
1341
8562
6389
921
1116
8917
9815
1684
9882
3563
9985
3465
42
5756
3794
3337
1651
1573
9047
93
4228
2769
277
8062
3986
4262
740
1806
2776
9554
9331
5041
8057
4150
9686
7793
196
4518
8981
6813
2105
1027
8061
2433
7565
914
1126
5697
6943
3861
7933
7085
2553
973
8381
2751
121
3104
639
9048
510
8299
2086
9036
5134
2386
8910
7207
1340
8516
4276
8066
1953
3040
8696
4760
8364
921
4769
4221
8980
397
8095
8429
9119
4184
9377
2960
4836
316
9162
2979
936
9772
4368
1335
5270
3275
9613
7408
3701
2442
2566
6591
5687
2000
2785
1174
4785
1721
5847
6533
563
4611
3238
7493
3511
6845
4776
2378
1637
7382
6533
3516
7433
8981
5724
5315
9123
3663
4025
3087
7569
7034
1876
1785
918
6366
1123
7012
6849
3752
4959
1512
2969
6805
7603
995
8370
9854
2770
2184
4238
4448
5079
5625
9387
9113
6868
2369
4229
4006
6178
4487
901
9417
9458
5070
7510
298
458
8885
491
3197
6624
268
1043
5366
5523
1651
7924
8338
8421
2120
5468
3009
7434
3517
4273
2669
1857
2409
2265
4331
5620
2764
4607
116
3566
9949
7390
1783
7945
4309
8008
697
1221
2057
9147
9610
3198
5227
8088
5879
434
6505
8305
8873
6985
174
3208
5427
9997
862
3366
9119
5827
7378
4813
8875
8278
8906
9591
8368
856
703
7543
5794
5740
598
6378
1086
4966
1812
6092
8433
7251
8104
4840
7984
4041
1249
1569
1552
7594
765
8744
4249
7167
1663
2902
4297
2870
5829
7725
6179
683
8195
8893
298
2045
6805
5034
5307
6744
1417
9972
6902
770
4908
5157
4949
1329
5992
4634
6529
9619
6126
6394
5628
6977
7176
7122
3120
9600
1648
5227
9056
9050
6661
2805
5613
6138
3290
6310
5401
444
7363
6275
7541
9299
1996
1009
4049
5403
9211
7147
4500
9726
2792
9189
1751
5708
4628
543
8163
8498
7860
1800
4187
6759
3931
3723
6353
9120
2287
5497
6278
9550
3632
8039
7162
7220
7378
5611
621
8868
4655
4035
6972
5042
7844
207
382
4376
7840
1040
2270
8416
5555
9460
1102
5818
5951
5792
5400
6341
6962
1959
6605
8828
8140
1125
3993
954
5992
5994
8256
5596
4599
8361
2139
2288
6206
6736
2825
1203
8550
279
5605
5577
3568
4008
4847
2937
8485
4953
6281
147
276
194
3895
4124
4630
9146
8101
7768
8062
205
9743
8120
9322
7597
2427
7067
3791
6590
3286
2161
5689
3153
1351
1262
909
2949
6270
8115
3410
5066
2303
8774
8330
3474
8435
3125
6855
3642
7699
9991
8058
3956
3624
3078
9995
5928
3944
8068
8197
4945
7167
5560
562
8219
4683
1544
1459
7617
6446
4807
4075
1796
500
9670
5740
5669
1762
6620
9093
7509
5538
36
1552
7601
8581
8927
2618
9197
5295
2044
2980
5810
722
4002
2398
2334
5742
8830
9871
3944
9901
8169
7608
8408
8801
7986
3663
5897
5158
7686
7624
8721
2775
8836
2680
7218
9621
3663
7841
5022
269
2534
3896
6483
8185
1024
1167
9605
9510
2783
1023
8999
211
3644
9081
9759
2206
2542
9244
9068
9560
1134
4522
4401
7798
5032
2160
9905
1236
9360
6052
9297
1154
439
2077
382
6457
8280
1863
6685
719
7705
7537
3404
6602
4900
1535
9998
7578
1086
5299
5505
403
59
8675
3829
2584
6743
3175
5419
101
817
2135
6548
2595
2139
7091
566
301
3563
6263
7125
860
9597
100
1158
8884
9896
3725
3338
9017
8117
6284
1003
4219
6879
9488
7492
8737
8186
4219
2977
6612
2136
9188
2000
6569
5663
4072
9015
1349
7532
6117
6977
6817
7533
5053
315
6793
2083
3613
7755
3222
8018
6947
3842
5459
2017
1703
379
5561
7454
3427
9200
7686
1274
8163
1249
2274
2640
6220
601
3273
6063
7101
110
2945
9413
8719
1162
415
1196
6835
8926
245
7245
8087
959
8975
2671
9843
449
9773
1949
4805
1080
3307
3375
8149
9903
536
8765
4579
58
7817
7424
1611
9058
4471
9513
5302
4421
9413
4413
1641
179
950
4784
7792
5929
287
5361
3570
539
5953
6216
1186
6321
6188
2574
5702
2228
6063
6878
1760
3871
237
6134
2355
9395
9681
5797
8641
302
3012
9613
5182
8269
5590
7740
253
6384
3245
9293
8458
972
6197
4562
8701
2433
4384
9757
528
1514
887
921
7624
9840
3495
9994
1371
2480
46
2635
876
4631
8969
5192
4094
194
4013
3500
4594
1172
2987
7419
4675
4842
8134
3150
7367
5579
4438
9428
6725
301
7595
2021
4712
5157
5091
9046
1674
2237
5218
2554
7127
1004
4093
860
3595
615
4389
5888
1341
9015
2286
948
535
9492
3134
3760
4245
5579
9033
5570
7321
1118
3369
9856
8979
5509
9984
5781
2206
4226
1926
3226
8639
1182
7250
6222
2943
5331
2119
5558
5848
3439
9512
5026
1047
8934
6529
5524
7259
325
6136
2992
9999
6978
5422
1831
2314
3867
9822
9381
2130
3336
1828
7193
4491
1278
6588
2643
3657
4636
8175
3657
9684
556
4002
8021
1039
481
9502
8115
2499
9524
3761
7431
4113
5017
2770
77
9058
1094
9764
5815
7508
5256
5783
3947
7612
9534
9306
4498
8195
5925
4621
1446
8760
1076
8483
1789
3904
9288
7009
4759
8610
2622
492
2715
3494
7139
3991
8644
6482
7366
7224
6097
5980
8085
5790
7977
3927
1384
6180
9722
5884
1264
742
4977
985
6172
54
6176
2298
6466
2152
5480
3257
871
9639
8991
6317
9858
2403
1183
8104
7822
8312
5883
9614
6688
2853
9598
5663
9883
3092
4613
1972
2834
8677
1724
7953
2855
3796
3751
6580
2362
4044
5204
8765
1795
8164
551
4837
9668
1277
2724
7264
1270
5892
4080
35
6277
9021
688
5656
4512
2322
8637
5109
9040
161
6226
7446
9572
4430
6772
1154
1195
8808
90
2490
8788
3635
64
7826
6944
3991
1368
460
9110
5478
1886
7478
387
8821
9311
8288
6612
3070
4596
2389
1147
1727
2385
3829
2294
1472
3397
1242
7124
1471
2941
8940
9432
4678
8671
8390
9472
7045
457
2996
5645
956
4420
5998
8996
2641
9475
1236
2303
9254
6531
9815
93
4894
5814
3203
7083
5690
3348
3406
9128
4793
6419
2305
3403
1134
2521
4079
3938
3545
1100
6475
1855
911
1961
4070
6345
7238
1898
956
4917
2830
5433
9728
8053
1938
3539
3712
3587
3130
7720
339
3225
5278
299
8422
9952
6053
3091
8515
8587
6383
7186
9771
767
4320
2330
8290
5039
7458
2260
2225
4069
7239
1708
2349
6280
2169
1016
9360
6199
626
1538
9785
7885
9069
8063
9697
2430
4245
1484
2502
2063
8120
8997
5162
5403
9836
6424
2797
6040
5043
5137
2204
9868
3126
9235
8348
4923
1211
4966
8267
8820
2527
7776
5635
7242
2672
7842
3601
8139
8394
7073
8271
529
3434
4506
1792
1717
7617
6315
9545
161
8868
9976
5123
1131
6755
4046
7323
9515
6177
6259
3856
4915
5933
8570
7102
3516
9623
3380
6205
1012
5788
4006
8594
2606
2031
1865
1030
3435
3515
9366
4313
182
7081
3608
5936
4487
2763
7324
6351
32
8293
7480
7684
5069
7678
9925
4074
1065
5659
9051
8461
3030
8645
344
3258
520
3146
3989
3119
973
8562
3455
3178
3256
9565
8725
4289
4895
755
6876
2856
5370
4734
2573
8418
3854
5229
4091
3141
8603
2904
839
8203
4127
1882
5584
6157
7570
3115
7815
795
7943
7966
3897
287
4928
1943
5302
2565
3197
7075
3990
1856
3189
6023
3192
8494
6791
3117
8986
8072
5605
9269
6129
5900
2544
5926
8824
8546
7500
731
2676
5115
4994
6791
617
424
9909
5865
2899
9116
4567
2530
637
3642
3705
2541
2147
5920
3093
8952
9006
1878
6150
8981
8341
1301
969
1167
6529
5415
7176
3770
3028
7393
7434
1589
2834
2535
2225
5317
2589
3955
5425
4306
1628
9067
2683
8827
8494
2993
9277
1882
2491
6969
7058
4978
7184
2278
4102
2982
1764
5778
5372
1174
1803
5819
6823
7771
7301
3834
8258
6881
5327
5772
2664
4210
3927
7171
5894
2513
8303
6576
2942
8608
1809
4887
7594
2222
6263
9114
6347
1911
2979
6773
3945
425
4710
4145
3982
8078
3079
8379
5831
9004
6900
2863
7432
9652
8633
2820
7299
1116
6403
7913
21
1656
8774
8478
8165
6030
3349
1894
4584
1460
4103
683
4241
2639
583
9949
8822
8171
3652
6857
473
9131
2758
3801
474
6355
2891
5802
6342
3012
8385
4376
1643
8494
4785
6960
8731
8167
2983
5194
5594
431
8862
5616
3215
8374
4441
5719
1503
3206
6528
4251
4804
400
878
8883
4125
4059
853
7764
6532
9978
3799
1027
2312
2447
9485
9788
7235
4097
1237
7610
439
9737
4711
2881
5514
5311
5067
49
1697
5358
9425
7330
750
9044
5225
2727
9546
8956
7643
9189
6921
7224
4293
166
2264
9514
297
1053
645
932
8707
1240
6913
2437
3223
7024
8404
2327
2749
1943
4364
1107
6387
3532
3588
8699
1316
8005
8200
439
5139
3096
6427
6947
1705
134
690
2261
57
8252
85
3993
8926
3439
1844
284
1514
158
835
6559
6303
2734
7083
4522
4900
2617
8635
2107
6697
8887
5710
7119
823
3279
7063
4466
9321
7503
1301
2757
5108
3354
4390
7563
2056
6568
2935
5942
9449
1687
2351
4438
6729
7341
7683
7472
872
553
8331
8414
7826
3217
5564
3865
5201
9050
1153
7224
4730
4278
689
1664
5791
330
2801
4874
5713
6354
8788
8008
6245
1904
3686
9881
1199
3681
5049
3950
2196
8836
918
6734
4717
4596
227
518
2198
4364
5101
9239
5303
8163
2108
9572
7446
3662
5836
9146
1468
2053
1114
589
4192
9524
8051
84
5700
2479
5902
8475
8089
5135
4498
1371
4384
3034
6110
3227
9151
1723
1294
7040
6381
9883
5078
4003
7614
2243
8301
6249
2508
3593
9901
1827
1693
2707
567
5222
7260
7003
1963
2496
4472
8304
9709
5757
1724
9282
7767
8042
2688
7364
3161
2179
4815
4060
8824
6024
5261
9541
7591
8068
2027
8433
1164
3546
4777
6701
3408
5049
7037
6972
9183
3183
1404
2021
5309
9941
8923
7219
9408
6691
5689
7594
6373
4430
9239
3638
7347
4757
5966
9021
6747
6935
568
4521
7754
1923
3776
6933
7385
3034
9045
5917
9481
3913
3934
9559
795
3914
3243
2350
4775
2131
9164
2890
393
8708
7623
6293
9144
910
7558
2020
6747
9597
6796
3291
9779
3682
1801
3749
2181
8214
3126
6120
9830
4458
2327
2149
8488
4323
4093
5038
4603
5464
8844
1146
5548
2062
7168
2783
511
6483
7137
5439
8715
2870
7981
9552
3027
7601
7934
6365
8706
1384
9593
8719
1951
5349
2065
5980
5966
2923
8724
98
2594
6393
9896
3495
5140
9344
1283
3295
8880
7778
5922
2529
1412
2360
7849
8575
8315
4898
7019
6584
6655
2551
9064
692
3366
5673
2814
8929
7724
8286
8392
6692
2811
596
5886
4199
2924
1413
2037
6325
8250
14
9222
2935
9700
5760
1764
2378
7045
5271
6560
9741
1888
6438
1383
8622
1076
794
2593
8918
7546
6845
678
3805
6157
9970
9860
9481
9588
4169
6430
5840
1209
2267
8546
292
2634
8802
2012
3906
6726
5232
3157
7770
9840
4201
9514
9593
1279
2126
2267
692
9694
8715
9861
4894
2617
8066
3860
9130
1651
9968
711
8392
2271
8785
4652
6702
3578
7695
2557
5732
9613
1800
7573
1679
677
2120
7172
1786
4928
5156
4857
7132
2059
5075
9520
5264
8396
9947
2715
652
8073
7709
6784
9778
5505
3641
5152
3830
8270
4465
728
8237
8289
9100
1447
6572
2924
6194
4628
9459
5789
7452
4400
1820
2890
2482
9698
3731
1077
7435
483
1038
8613
4941
3824
1452
2384
7672
3355
5620
2961
6361
604
9546
3421
752
7632
3282
52
8196
1374
3696
5818
6910
8702
8195
8383
7880
2957
476
9381
8299
6772
6727
2615
4798
4499
7482
6822
5571
7777
9357
836
3461
4471
7296
4408
3801
6334
8782
7574
8478
497
720
7120
5019
437
1751
5193
5698
