9451
433
8777
2856
4161
3943
4377
8027
18
274
2208
5074
1642
6266
1508
4978
7207
3111
7428
4766
1596
1375
6253
1204
3191
9648
3840
4251
4006
8626
3311
4394
448
9015
3977
7788
1131
4783
4836
2183
7424
2613
2882
9175
5603
4731
4997
5641
5599
163
8370
9792
2744
4782
4637
2645
9579
8771
7812
2196
5321
9151
1672
5895
4220
1421
6613
1044
5021
4002
8966
5412
2770
1505
933
9345
2941
577
3419
8926
3500
6748
3713
4758
5314
2419
8719
9614
1207
8776
7053
3801
6611
6999
2679
8865
9914
7040
3511
3344
2580
2672
2264
8119
9108
5412
9756
4524
8721
6254
9924
8213
1661
5785
4584
8085
7787
7134
256
3307
7419
2047
4303
4199
651
4274
70
4427
4229
1247
3880
1112
8669
4322
857
2373
4031
5344
2681
1078
5718
3935
8239
8520
9169
5633
347
3877
6952
4639
716
3245
8350
6398
5567
6283
3036
1717
2491
2332
8255
892
8055
2119
5963
166
2509
9225
9461
4791
656
3105
900
3904
3243
4517
932
4764
1663
4418
2173
1696
4843
5108
7677
9475
7081
2689
7930
5145
8554
6087
5171
3219
843
6190
6327
8155
9900
6780
6757
1842
5210
850
9058
4725
2711
1472
8323
2544
5659
2416
201
1379
597
2114
3094
7301
7624
4056
1731
2693
4726
4151
7412
7292
3034
3910
4980
4230
3484
5496
1635
2316
7749
5263
7682
6742
4367
2587
9586
6163
4188
872
6994
6090
9298
1081
8029
277
3868
1087
6724
3198
3322
1151
7497
3634
2189
1788
3155
7507
6726
8343
2128
4067
6741
5505
2224
4818
3105
2952
432
7632
8007
1222
8766
8616
8414
5858
6507
1192
3781
2829
2740
992
8164
1857
3654
3084
9889
8659
5783
4782
307
8396
8656
8104
646
9960
5229
2000
1155
7247
2245
2063
783
7513
1071
8491
6708
4122
1968
2930
4689
4301
3581
4802
6687
1266
3002
3314
2404
9268
8429
2294
8497
63
5957
5574
3921
8663
2855
9276
6208
1600
6016
4487
4846
6553
8081
5571
5132
5765
3339
8942
8672
1785
5518
3705
4830
5591
6355
6147
8806
9182
7242
5256
6378
9115
1296
4351
3772
5854
5573
2689
1998
5666
2205
8736
2115
9366
6728
1541
5777
8139
8804
9008
1904
9103
7595
1459
5922
1998
4216
9390
3582
6531
7166
5338
3652
5981
227
9028
868
7839
9581
9079
3401
2295
771
4587
6050
7112
6935
9159
2327
289
3789
109
8674
2920
8978
7174
6346
8736
631
4271
318
3554
3000
8277
2544
177
4966
3321
1418
9057
2406
2256
5164
3261
6770
240
7976
5874
2424
929
6950
6100
9490
1531
2992
5464
6697
2403
2113
9301
7389
7574
7268
334
1156
3940
3795
3201
5796
2628
2904
7362
4607
2355
8515
2639
7402
8136
7889
9260
8621
171
6415
494
2414
2180
5271
6767
676
3467
8511
1128
2514
6080
9836
2120
4125
7696
181
7652
1002
1128
8123
4412
3670
945
1939
112
3291
9387
7384
8259
2388
5961
1484
8586
4792
7016
9194
7052
5778
4834
7939
8257
9417
4849
5362
898
9009
2130
7125
520
8800
1631
4942
4917
9058
4242
2704
2460
1114
6719
8519
2734
385
1673
2228
4281
7392
4762
1988
9651
4078
8210
9729
4279
7753
2113
655
5466
7327
7249
3458
7915
7422
3241
7032
3293
231
7128
2226
8213
301
4803
5553
2588
1564
227
445
5441
5572
5784
7487
3342
9942
1056
9819
6192
2384
4576
9266
1663
4673
7831
1326
3429
7947
7050
5499
2397
1669
2040
7013
7330
1752
8535
4940
7278
3537
1528
1462
204
2431
7903
7910
7033
4341
3238
7961
1230
9145
4506
9171
5867
7601
3513
8279
8249
5999
820
9249
3074
7460
7170
4384
1783
8853
9694
9632
5965
6049
6138
1767
2690
9742
9095
3333
4207
6680
9392
7651
1497
4613
9809
9023
3123
4183
4465
8185
1129
9938
3177
4077
4054
3668
2129
1274
2645
1455
1967
4797
7956
3910
7940
7304
4009
2166
5069
7011
2284
3248
4440
1121
2873
2618
9885
986
1357
9710
6653
2155
2564
6801
1018
7717
7411
9293
2894
3359
9496
5427
1428
4788
6109
9424
9602
4070
9512
6197
2714
8607
9797
7102
446
2542
5809
6373
8510
9217
7998
8070
915
1789
3006
6623
6222
942
8600
9789
7727
7732
8869
8673
3703
3915
8790
6859
4655
7044
7892
5661
7644
3418
2959
9537
2548
6812
581
3972
1680
5500
7986
8465
1969
738
2684
2400
6905
5957
5657
6855
7245
5541
74
5963
4405
4608
8995
836
7337
3663
9788
5236
36
3932
2251
6179
1762
8206
5247
8397
8098
2846
8718
8391
3778
5489
8937
4154
4601
2684
3811
8949
2106
3260
2573
5364
2107
5470
4722
2783
5747
9665
9879
3550
3008
8548
6258
2599
7765
1006
7404
3333
8485
2313
9193
7460
9816
7488
9927
57
5174
6527
779
3730
5939
63
4517
9126
362
7909
5757
3519
9368
5326
8021
397
5153
5070
9631
3050
6759
4817
1542
2949
5118
2316
1288
7711
9914
3322
3139
8681
5522
571
170
7092
1070
4906
5442
2351
8451
9166
749
8507
5254
6334
8044
1960
745
1431
4051
7343
4484
8879
2431
7254
1556
1506
550
3910
3123
9661
8480
350
4958
1980
6730
7217
3378
703
6947
8853
7054
5275
1861
1731
1862
7226
5211
1826
8301
8953
6486
4529
9200
8150
4623
3019
640
1982
4973
1572
1014
4763
9561
1348
3536
5809
4905
9861
8137
7353
7969
8756
5088
7064
9477
1786
6022
9114
8412
9365
8825
5800
3695
8940
3284
1912
978
4406
8751
7981
9018
771
1189
7559
2088
2275
7204
5376
8125
589
4549
9849
376
7141
5189
2076
2304
4248
7309
6323
5755
2436
9686
3252
845
2769
7800
945
4202
6039
1523
7298
9475
9136
9841
4200
4468
7151
7079
3372
8569
4911
4936
5646
4372
5076
3688
6604
5009
4250
9961
7933
4167
2350
9093
4462
578
4564
3001
423
8750
7455
8846
8126
1305
1205
9943
2400
853
9164
6404
74
9575
4707
4750
3410
8916
463
2384
3793
5709
7434
7012
8197
5450
7947
515
5828
3724
2942
1715
22
3368
5092
4453
9203
1682
4820
4147
7234
1788
6658
7986
7401
6472
7054
7387
9615
2105
502
2766
722
885
9038
9473
5108
1811
8447
3558
7735
7029
8851
7191
4592
7948
6927
840
2912
403
5138
8557
1455
3371
1035
2935
6178
4733
3399
4427
5687
3198
7489
5958
3257
1520
4893
6504
2980
3377
7328
3844
2116
7795
1344
7555
6209
8644
4723
4254
3341
9705
1573
95
1820
9196
7715
9205
3415
7708
2023
5650
3250
5538
7407
1479
302
8367
6526
3196
4006
9660
2517
7920
7453
5427
4983
677
4007
9984
4668
8046
9158
6611
4730
9494
2275
4719
3026
3100
1744
480
500
5903
2951
5942
8785
1615
5189
8496
3486
9208
8098
1483
7528
1977
4280
4831
4807
4102
9146
2858
6295
2661
6145
7017
8814
3464
4879
9122
2967
1669
936
762
4628
3244
7222
2310
5757
7682
1977
1810
8372
5652
3181
340
4630
4108
5270
566
9451
2450
5402
4115
506
4543
9942
122
165
3714
3799
957
2172
2249
4488
7124
1569
7691
9714
4482
419
926
9335
8423
1642
8822
6403
3953
1182
7570
5172
1332
4046
3861
3811
619
6275
6011
5517
6257
1163
2139
7219
639
3331
9451
1694
8616
1965
3637
5289
3632
8184
9083
8422
7704
1562
9442
4091
338
8235
9925
5216
6605
703
1567
3210
9454
7278
7168
8555
9383
775
8659
8196
4188
1206
9914
3945
40
547
4779
4353
1570
4285
1315
7025
7959
8627
9644
3820
2290
762
5713
1238
9425
2372
6782
5213
8880
1368
7226
9218
7849
4166
8451
9080
3939
8896
8822
5294
8577
5740
298
3892
5882
1157
5348
4591
840
422
4295
4013
1974
6890
4560
7788
4070
2670
5812
2276
4660
9763
6166
6886
686
4665
5032
4028
7694
7741
2568
9322
7876
9816
6576
7214
2960
2014
6767
3930
7503
597
3468
8117
4978
7112
7609
8544
1529
6087
3747
8010
3142
5389
4539
4896
5481
9282
2911
8218
5614
3336
7637
5758
5232
4137
7940
2378
993
1776
8722
6055
515
6161
4866
7899
3864
6539
2919
9251
2592
3072
4589
5544
2959
728
977
968
2420
2600
4528
7270
2955
561
9142
8541
1500
4627
3645
215
8448
9957
1433
6196
188
1040
2014
1748
3206
2837
2384
3813
3377
2903
6971
8612
629
8467
2546
7429
9813
9161
1893
6922
7842
8793
9055
7740
7872
9706
4755
2737
2058
8629
4987
665
3379
865
9038
3128
7203
8043
5797
447
7066
3675
9724
6093
748
5779
8198
2689
1950
9225
9500
6493
8390
2779
8771
2812
9279
5003
8180
4441
4020
2513
6950
8634
9706
172
5590
8950
7614
7600
2603
3739
1616
4488
101
3784
2983
3563
9807
9676
6771
4726
8267
855
6719
5028
1008
8223
8846
7735
9667
5176
5629
4234
9668
3077
1491
7559
6093
1262
2834
822
9238
4615
7744
5435
3483
6172
2708
7072
4564
2614
3773
4797
5051
9515
3766
3575
3512
7232
9524
936
1803
1614
2590
7514
8796
4015
9187
4103
3705
7516
3956
5612
2740
6017
7519
489
1299
4504
9509
8644
6579
9219
8982
8532
3856
1319
3659
1619
3916
2625
1132
4727
8232
2679
8049
62
598
6329
8902
3727
1491
3116
6877
751
9380
7753
9397
8061
6455
1012
5010
9470
5747
1523
3350
7214
8242
7015
700
912
6373
466
2343
3201
6456
577
7834
4257
4756
587
7492
2778
3654
3723
4236
9123
2316
2756
1139
6445
8170
6306
3904
4469
7448
1664
1748
9021
7797
9749
2062
4585
546
5182
790
5591
1806
3369
1852
5023
8553
4876
2847
5348
8132
912
3765
4749
1667
229
2663
5097
8383
7708
5164
855
5770
4645
1498
5699
5335
3174
7092
1725
2000
5244
765
6366
3162
4202
2672
8330
6811
5877
9556
3087
2881
9189
5923
4327
1342
195
2350
5053
6357
573
7449
403
440
10000
7427
3067
114
8836
7268
3775
8387
3817
3453
1637
5487
8824
4436
8802
8894
4276
1436
1325
5936
8504
7004
5668
8731
5022
1987
2245
4881
219
5656
7676
9208
7712
1662
878
7340
7438
7165
2778
785
8878
5566
701
5460
758
1533
4167
5206
6789
1734
3604
7791
4550
4039
2324
9031
5728
3982
5491
4484
8890
8635
4922
1418
9386
2979
3016
9934
1360
4402
2520
9188
1709
7726
2188
6335
3711
2647
7981
6048
626
7242
370
4776
8256
9535
3364
2315
8688
5363
2120
7868
6529
6183
700
7109
9571
5163
5411
8541
4964
5855
556
413
7597
3711
5038
6706
5858
9324
2429
3421
1457
308
5354
2745
330
5212
7353
5443
5434
464
4360
8333
2906
4769
8134
1090
8483
4653
1346
5991
6410
6439
4056
5054
4366
4404
219
2010
8716
3432
7831
8237
4404
4664
1951
4590
1918
560
5115
8122
5856
8202
8985
6683
9258
9195
231
7906
7960
8364
2447
4678
8981
2155
3961
9772
923
1647
3097
5133
1007
4700
9049
4490
1821
4873
5093
8770
2236
8608
3166
2059
2788
1130
2577
728
8237
8355
9455
5687
8612
2246
4849
6536
8327
837
5654
6167
4422
3829
2995
5404
4092
952
4489
3888
4356
1123
17
6750
4715
1489
9698
6067
8264
6526
5092
5922
2793
250
8131
8936
6046
7294
9220
8943
7939
9111
5908
9493
5606
682
689
2779
2965
6237
4493
2687
4101
6600
6173
1181
4331
5
9663
1259
8716
6226
558
9930
9185
3400
3702
7189
1627
1399
5682
8652
6019
2518
5508
6852
8340
6243
8400
1095
1377
1794
2611
112
9460
9233
6234
518
212
8587
4186
2324
1381
2233
6758
4058
5470
2078
9489
3169
303
2851
809
8616
429
5891
5322
3225
2470
8603
3377
3794
4248
9493
117
8891
2583
9722
791
7877
3477
9648
2856
4073
9503
3440
3068
4463
9269
4738
9994
4320
3918
4742
8649
9470
1391
6626
3605
4911
1415
1256
1516
2394
7848
2488
5132
3227
1838
8638
3374
9273
5167
2242
2099
4899
1667
3152
8907
1193
8025
2589
1412
9460
4884
3768
7678
9492
6039
6811
2283
7702
1908
2722
6574
6678
8536
3950
2250
6733
4628
7022
5419
9612
8808
2492
8394
5824
9419
3032
712
5762
7800
6560
2863
8254
4952
240
6038
1627
4101
6831
2578
3859
9613
5062
2502
2332
6951
3857
9528
6189
3819
4218
7777
2990
9174
6757
6386
5622
2249
7173
910
5829
3194
8476
9329
6077
9399
2810
8960
538
686
7691
3410
4165
4091
9778
4941
6970
8635
7882
9600
5031
1347
7274
3568
5961
9731
3108
6772
6611
9929
5320
776
1276
9009
3787
643
5595
5474
7766
396
2525
5671
1043
5129
3537
7402
6942
3475
7534
4456
6
3903
8145
6255
5980
4897
5680
9563
6511
8536
4019
7329
2956
9954
4622
8753
7801
2124
3819
3609
8068
9567
7618
8319
3897
7132
9903
9963
2045
3316
5230
5056
9693
1420
8778
4060
5376
6376
7118
646
1486
7155
8337
1411
1886
6834
3137
3330
184
8019
4882
9242
2211
5186
4286
9501
1160
2724
4305
331
3864
6620
3158
4213
4936
2821
1122
7240
4966
935
4466
634
8000
3417
7068
323
1119
2447
8506
3629
9648
3844
5120
7530
6851
1272
1182
3562
217
4369
9514
4069
7165
2774
4963
7402
8077
4500
6863
7398
7604
9812
6748
6066
21
9453
2637
2689
2419
1927
2894
7404
3297
8837
5112
1044
2977
5693
53
9155
1397
5037
8452
8426
3811
9310
7679
2481
8770
8163
1955
444
1566
4806
1527
4218
2483
3958
212
5541
4191
2717
6217
6252
6265
7523
604
8640
5649
4850
1696
7440
7583
9117
5225
3572
2648
6173
2982
1389
2032
5645
218
9897
8418
5171
4046
4355
6604
4266
9516
2700
7734
234
3867
2518
2375
871
4617
6000
3577
9306
2154
721
6741
2043
1388
7692
3339
7465
5484
5238
6605
8928
1914
1708
875
551
5571
8021
1192
2291
5786
8087
4101
3162
3565
6511
2685
9690
5197
3482
9626
5177
9101
5931
2759
277
3127
7178
7725
6299
7098
3426
2665
3318
3732
3593
2409
6452
6210
5297
1272
4626
3863
2026
6922
9077
8975
3165
7294
5998
598
5249
1489
6238
1601
8729
9670
1419
7711
1271
9280
2135
9794
6360
7604
7375
8290
9289
7874
7400
496
2346
1953
907
9886
214
6875
1781
3233
3395
8050
3705
7218
2899
1476
8339
9189
814
9900
1863
2515
7366
165
5397
3527
1137
5704
6877
4813
9358
9751
2165
2810
889
1381
6264
7504
5174
9603
6161
8197
832
9895
4438
3408
4136
6035
6396
2119
106
2351
4634
9783
1434
7471
2705
9427
6910
1473
25
1637
9678
294
7855
146
2144
5481
4495
5761
5580
3731
7218
1906
4023
2835
7664
771
407
2819
1644
2314
1164
367
417
9868
8356
8076
4230
1207
1990
3208
8551
1765
2419
9892
4481
5578
558
7408
778
6399
3542
3512
1213
2206
254
43
2984
7826
1873
6537
1168
7250
8599
5338
8202
6409
7546
8951
5525
6292
7242
7392
3740
9761
7653
159
7817
6143
6669
2584
3210
8787
1441
3981
8975
5521
2441
8140
3224
8927
3554
4586
3465
3293
2292
5873
4285
1704
4286
8668
5379
5637
9518
2412
4793
105
5418
380
7376
1771
288
5168
890
9348
3161
6672
2052
6217
4339
68
5856
4594
7377
2300
5664
6923
7598
5527
4648
3127
7213
343
6567
1543
7673
5990
2783
4599
4585
1723
3402
7357
5879
6765
8722
3879
4892
7332
7894
8678
3230
2077
5266
251
5726
1765
4534
9173
7006
5523
1135
5448
4927
7510
6333
9140
9078
6456
8574
3782
562
1372
3232
540
3195
1196
6468
5645
9718
8846
3165
4419
7756
6328
7149
5032
4669
5351
3406
6080
9568
7454
7650
8060
2398
4803
3949
383
7277
7053
125
4487
200
7446
658
4448
3909
3914
2408
6379
7712
6127
7981
8298
971
6494
5204
478
3056
8788
7149
8295
1074
3299
3791
6373
6045
6042
2388
757
1698
3551
1949
9757
4484
3431
8909
4378
6110
8386
2570
1850
5094
3132
5844
1161
2322
4885
2523
812
5149
7601
5370
9489
9226
9236
1521
313
1932
9691
167
3473
9773
2937
8614
6960
541
2947
2143
7945
9768
5699
6531
9615
6185
5188
8260
5655
1659
2977
9379
7314
3990
8888
5489
1411
5940
6160
4945
1518
3357
5697
9403
4555
2448
9884
9034
3803
516
2690
6394
5217
8700
2747
2094
2941
1993
5924
398
7667
1147
6330
8728
2006
2431
7725
9622
8482
6535
759
2891
7085
4248
3903
4293
6930
1627
3033
1425
3780
4809
5880
8657
7007
6271
6291
7829
8975
2909
9936
2905
4469
510
7336
2845
3418
9293
5153
8203
1721
1007
4109
1849
8753
518
7591
2092
4089
8548
6291
4758
8188
293
2680
7282
1644
3164
7868
1231
6984
1756
780
5028
7541
794
9222
343
751
2307
8820
668
8735
5613
3001
1833
9811
3375
3042
9406
8335
3298
5124
8547
5305
9815
1349
9930
1638
378
6266
6720
1962
6333
7710
2671
1688
6624
2709
9939
3614
913
1743
3408
3012
1998
2810
2271
7232
4200
1668
9767
8834
908
7393
4270
2139
2381
2675
4105
4842
568
7287
958
7981
4455
642
8486
8919
6014
6381
2793
9151
6412
8907
7796
7762
9897
7687
3942
9140
9879
9847
2637
5888
4939
9616
3262
4270
9443
1456
4512
706
5833
2
7479
2762
8616
946
7393
9655
2601
4171
7634
1735
3419
4119
1137
7635
9566
1372
2606
1789
1298
385
1854
5896
5093
8255
9528
9366
8968
3751
1716
6889
6664
1843
8618
5517
1318
409
2911
3349
9413
7792
346
350
6018
1450
3192
483
5832
5392
1448
7407
8861
9299
3982
9258
9884
6090
8925
1374
4571
2308
1202
7858
97
4292
5453
3670
9193
3114
3344
2579
1692
9040
4217
2189
1720
2273
4680
6513
6136
1507
5468
1327
7101
6405
1027
942
2245
9347
1287
3477
5589
3855
2746
500
5491
3619
2693
3956
4981
1168
589
4083
6842
333
9046
2143
9810
6361
6124
9147
3148
7074
5182
787
6435
3497
2129
8362
6048
2013
9300
6133
5828
5021
9943
7823
9063
8833
3058
1348
78
1760
5194
2202
5101
5698
5568
5258
320
8865
2931
9703
7059
5378
7514
441
9016
2845
4708
9036
3409
6983
6062
9341
9495
3403
7325
2955
6440
4950
8247
2470
3020
1842
6950
2112
394
570
2353
3228
2135
6850
7877
7083
2143
9394
3955
8795
2295
351
9414
6483
6134
3626
4057
2433
8615
357
4823
4256
5237
3777
1289
1660
5807
539
5867
6693
811
2783
5699
1706
6311
5914
1288
7112
3839
6671
7322
6723
2749
8915
8262
9023
2863
4996
187
445
5942
4153
7678
5749
6627
9777
5293
1194
4053
8785
9646
6155
6254
4321
5855
9171
2266
9326
35
5255
6699
3944
1032
1173
1406
3744
9211
7736
1029
5652
2738
9887
1595
2633
3518
5312
557
3649
3919
2032
8665
9620
1386
9502
4769
3534
4033
5581
7983
3143
9905
9845
785
2021
4287
6844
9969
196
699
122
2476
5006
8565
3483
2462
2152
4586
8239
6901
9442
3909
3738
5183
6529
7144
2993
531
1828
5231
733
6815
3892
8336
146
6714
4536
57
8185
4461
7860
539
9254
7794
1403
327
6575
1453
3925
8611
6301
3852
5479
1671
8455
7275
7642
2692
5212
8256
4353
2706
6297
2461
892
6932
286
4583
4543
1078
2999
1714
3178
1595
801
3708
4647
1685
6699
9378
336
6645
498
6832
8683
4543
8847
713
3449
5971
612
1991
3484
7704
7287
4722
2021
9665
6808
1127
1643
2085
8200
1965
625
2901
8974
7995
1866
2634
2264
8853
7541
8737
3901
8176
7055
6119
2188
4881
9423
4056
1125
4236
1460
6786
9850
5558
4905
2812
6395
9013
5470
5442
6196
1914
8092
5911
8347
4662
4664
1968
6429
3475
6167
9852
228
5414
7606
4976
6037
707
8950
4270
6522
2017
129
1690
3837
7690
4043
3021
9172
290
7534
420
8453
8247
8964
6602
7517
2362
2037
823
1151
7492
4784
4574
8544
7560
1495
597
3537
7576
3783
2323
5680
296
1124
3914
7670
7404
4957
1009
2951
7359
6185
6137
5646
8744
5439
8668
8686
9969
8379
6273
310
4922
513
3871
9974
268
5762
4473
5351
8237
4641
4291
2323
5965
6158
3091
2953
1420
2691
5999
9458
2619
3312
7307
3558
7810
9432
9669
7095
9786
1233
1033
8276
5598
2046
5546
9406
1149
4239
8877
1181
8910
7403
2169
134
8570
9044
923
1571
6032
4271
4620
3250
2147
252
9653
2086
2351
1467
8602
7899
2986
8374
3024
8970
6445
9086
8926
1403
9161
6574
8337
124
2982
5860
8103
1481
9978
852
9650
9508
3178
7706
6439
3985
9635
9401
7421
1687
3483
1847
4821
3426
8087
8773
4050
6633
3218
4193
4751
1872
4874
1512
6751
4761
1683
555
675
5538
7428
5946
5307
9040
2506
1992
7476
9927
3061
7272
175
4627
2138
2
3443
1602
7004
1369
4359
5339
9199
8347
1933
2756
5606
4993
5727
9433
8920
4772
6824
7276
9813
8156
1267
560
6230
4902
62
4800
7860
662
8557
6462
6291
480
1430
4065
849
7685
4646
6851
2087
5669
7478
1944
2497
4924
3769
3421
1091
8983
1170
5016
866
6538
2325
5752
8560
2988
2528
3774
4456
6615
529
6769
5694
5114
2014
3589
9765
5556
7746
5623
4374
7645
2594
5587
6842
5088
4076
8134
1293
153
243
4973
883
4460
6391
4608
4893
8709
1689
6147
2294
4897
2819
9068
9604
661
2283
9140
6718
2187
5499
4004
5324
9698
551
4397
9464
9616
6019
9738
3046
5925
622
9190
1080
4002
3357
3065
2064
7693
7108
5270
2487
6019
4178
4099
7543
5251
6616
5474
8590
3681
9702
3234
1524
2787
4116
6188
1425
9850
2436
8940
8145
1279
4585
7265
4070
3438
6132
1785
8745
5854
3615
6455
912
1652
648
1135
5075
7934
4727
8968
142
889
3006
6739
9251
746
3768
5570
1653
2141
4396
1454
7878
6412
2040
2851
7310
2338
2266
6595
9000
6125
6180
7592
3331
2459
3443
2240
6457
7311
9024
3661
455
9593
7594
8499
8581
6559
2121
9398
2071
9751
8913
7628
4536
8248
7346
9191
5404
803
6276
6645
9194
2870
6328
2232
1315
6372
6709
8335
508
7440
4036
8030
7683
3472
6324
3867
9763
8639
72
7307
3650
5666
3364
2065
3375
2495
8793
7321
5685
1453
7240
1631
5969
1818
4237
5254
6735
8762
6643
2071
6552
8149
3151
7918
8657
8462
9146
1830
4456
5858
2327
4285
9325
9384
7974
8776
9382
7666
7225
8415
2197
528
3171
3980
7789
8883
6190
526
9561
7192
3166
8410
3417
3831
4754
699
204
1995
84
4336
9065
6855
8767
9915
1819
8157
1415
915
7612
5200
4840
881
6079
9981
8102
4948
4885
8190
4859
6999
1597
938
2737
2722
3086
7537
8167
2057
695
6098
1756
4184
9368
8161
3261
8894
5680
8155
8734
696
9
9726
6201
9725
4634
1692
3078
4963
9328
7698
6873
6143
8617
5718
2497
3678
3913
6986
6897
5
1553
9003
3272
9618
2359
2983
5489
3110
9437
7459
5701
437
9062
6916
416
7078
920
7201
8952
1684
5917
7208
8802
4174
5700
4851
7102
6231
8614
3670
459
7895
5520
490
8307
2743
4476
4621
4389
3770
7372
5695
4029
2299
3191
2918
5535
7496
3271
3304
3401
7097
4282
9116
5149
5379
4781
7978
1816
6240
4810
7285
2883
8137
5032
2101
1230
9764
1454
8143
131
1508
6845
6435
6251
7854
6222
1845
8868
9667
5730
2470
1264
4301
8923
4506
1155
4878
3324
8614
245
4349
1680
2582
9864
4140
9766
7967
6845
5154
1693
8729
2903
187
1375
9052
2557
4747
8620
5094
8693
5382
6364
114
7920
3702
9972
402
1337
2031
8634
3025
8772
2596
6147
6367
9524
8662
1539
4021
8961
3444
7174
1424
51
6979
2326
3755
6187
1185
5565
8920
9224
161
3341
3957
528
9800
2463
4226
9142
8460
6060
8841
1029
3035
4268
1198
6358
1620
6976
7826
8408
6492
3982
8353
1248
5472
316
129
9453
3956
280
8917
7651
1011
8237
6310
1122
4462
6096
3573
5822
1608
9342
7939
1950
9025
3509
1395
1477
669
9932
3367
5085
8862
590
8724
9675
1142
139
7298
7579
6710
4422
9089
4064
9371
7592
2364
5261
5838
4189
6640
6719
6129
3761
3930
6716
795
1815
6990
7684
9377
5696
7931
3585
6297
5415
5308
4715
1660
4515
7313
1029
7187
9080
8674
505
5915
5340
1330
1794
686
9630
3957
803
9123
8208
5714
3242
5079
5192
5846
8419
8309
8098
8726
8284
8011
9565
7818
3053
6225
111
8733
7054
3546
7505
2752
9944
8822
2966
3107
6364
9903
3698
1854
8371
6046
9803
4525
9775
1797
7408
8638
5218
8147
5441
5576
2056
5569
7968
5443
9046
8696
8119
9350
2358
7156
1911
5333
4633
9691
5558
1878
4704
9213
3043
9675
4982
5834
275
7962
2829
2691
796
1972
1851
9005
5786
5236
3346
8273
7492
2806
5953
2190
9331
2159
2599
2233
5104
2655
5313
6843
2501
9113
4466
8688
9308
5925
5180
9899
7967
822
661
2437
8231
1259
2473
1061
5669
5381
5044
9241
2687
4309
3524
7868
6689
4795
3456
8147
717
9247
2397
3653
5238
1687
4594
269
9540
5711
3807
7939
1816
8914
5075
9089
4432
4386
6857
2277
4820
6720
4191
6179
9629
8389
3256
744
6747
4827
1166
4298
3713
2718
9062
207
4118
101
3046
728
1795
4422
1523
7329
502
7740
1061
9027
7384
1573
897
8568
4594
6573
1265
9152
2876
8068
9952
3222
904
4997
8161
1937
1599
6139
4488
6556
8502
3702
94
9456
3292
7521
3820
9228
781
2434
4003
9053
2753
9551
491
9389
1607
4427
5954
8171
1818
202
5877
2865
6760
4680
4910
7960
1906
3803
2883
2597
6798
9116
4078
5552
2485
8964
3112
8614
5316
2227
9136
4435
2865
6454
5891
6513
1347
3162
3316
8458
9516
4526
6815
191
9249
4419
3716
3303
5078
9043
9783
1593
8327
8900
5346
2521
570
6452
4548
8259
1308
248
4732
6504
4624
3098
439
9479
3927
5765
417
9922
5141
7425
826
8381
2294
4698
474
8714
2948
4948
5638
2987
7054
2158
3914
2542
9818
9146
6631
8463
1679
3512
8875
3766
5582
1550
5735
1855
9399
7619
8029
349
4646
8055
9111
8415
7676
828
9207
9444
4279
441
6844
208
2638
494
184
8157
3990
3865
7486
1943
784
9160
4863
8389
5023
7304
3863
7440
2711
4104
8639
9379
3146
991
1812
6107
4914
480
5257
7745
7735
6264
8815
4821
6120
5211
7715
216
3268
3351
9590
5316
3884
2676
6399
4023
494
9027
2232
6124
3352
3692
3149
1687
1911
8168
4786
686
6004
8737
1154
3382
8680
589
1736
7923
2828
5458
4283
1453
6089
607
8506
2528
1502
3276
7303
6224
3385
9356
8988
1607
4348
7326
7441
5586
6020
6767
9839
8385
34
5480
4209
5538
9227
5355
2197
9939
3092
9292
8314
7888
7098
6640
9519
1098
9905
5008
7933
8106
525
5301
1476
3550
2415
1233
7520
3925
5488
1305
6667
1077
2675
9498
8795
1954
7739
6622
1947
2143
9072
2415
7046
9068
847
285
9811
2197
5105
2364
1131
690
9353
7063
7132
1822
2014
52
6425
3531
3325
4181
5463
5954
3124
3784
2104
839
2665
3135
2753
1432
1085
8361
8242
1941
8083
7689
9866
9452
9427
5925
5782
2668
4614
9157
8235
7906
9029
7359
4145
8665
8101
7245
985
2428
9496
5986
3677
66
9493
1490
4868
6161
409
7485
6828
3069
8111
9055
4802
9678
1242
1129
4453
1689
1921
6139
2616
8431
7822
1521
706
9023
9939
9391
8694
8626
3384
4828
1329
3161
5536
1811
8846
1709
3720
4910
6772
699
6825
1287
8336
9173
6004
607
7940
1623
1784
8854
2775
3571
5102
5428
609
7007
671
2647
3135
3641
776
491
2702
6537
9150
4461
6371
4430
7707
9707
7679
2367
8364
8919
7350
4502
1658
143
330
9897
8930
7320
4439
6192
6203
6867
5455
4845
8193
4913
1964
7056
9611
7263
1474
4807
2194
5991
3843
4925
859
1332
8146
3933
7222
6307
7834
8489
8732
7471
1898
8363
8080
246
4480
7239
529
113
4264
1794
4926
7208
9520
8530
5990
793
1085
9795
2515
5816
9294
1978
7711
6989
4554
2704
5485
3962
1050
3756
5590
6902
6050
3615
3528
428
7566
6901
4669
8480
4063
7055
1578
1666
8777
9232
6671
6945
2276
5846
9612
4021
6650
9754
4784
3030
5624
2819
7828
5824
2231
6727
8497
5990
5870
1907
8228
5259
4902
9349
5367
8444
5404
5212
4575
8998
3181
2436
3109
2952
5454
5246
7566
2214
3446
9069
2568
1616
2889
816
8035
7358
2067
1524
9846
9168
5645
6515
301
5350
8171
9947
6470
6768
8681
9135
141
2185
99
8700
8507
4963
7327
8359
6607
9454
2921
9594
4
9620
4872
631
5793
4302
3409
6121
9806
6460
7022
2379
8573
917
9279
9925
8343
1541
4035
7882
5037
3196
4034
6480
959
5676
7933
559
1345
902
3526
2105
9655
7641
6196
4404
4682
9426
7756
5805
7519
210
5682
7259
153
1382
7943
4897
3497
8623
2294
4871
4179
2195
4072
7524
5027
4825
3655
3970
1349
9072
7905
8181
8050
9635
4170
149
6863
500
3475
7626
6126
8964
3328
3275
4992
6206
197
643
9318
6976
2262
8020
8580
2446
184
1838
7474
9769
3382
8087
3817
3957
5877
5525
3307
795
3887
2507
6318
784
3211
4751
1244
1703
5019
1134
1240
1221
6172
8950
3468
8252
8427
147
8004
7854
3436
333
9401
5741
707
4711
1444
665
1266
785
7990
4077
4256
158
6723
3660
5438
2125
9264
1031
3690
7153
5684
1991
5013
8666
675
8731
7724
3804
4859
9962
9162
767
3103
7796
5907
4301
2328
4316
6934
2316
6240
3579
873
4999
7835
9359
5043
3015
5772
3998
1924
7115
2433
2450
8335
7644
4968
1582
709
437
2260
2605
6358
9353
7874
2375
6536
1798
2042
9520
3136
5113
8331
9831
1373
4029
9701
6726
8895
6285
3790
8032
6374
2719
5888
6572
4231
7691
3634
751
1950
8783
6601
6203
1116
7764
1937
907
4998
2525
9511
2111
506
5762
8588
2828
4786
6554
1958
9328
6781
6281
5334
5377
7847
8221
6799
9196
1896
6361
8037
7187
7070
3853
9901
8574
30
6617
403
4325
1782
9288
1686
700
5675
3331
4449
4794
3813
7296
5182
4653
9204
7370
9742
1081
5969
2207
5181
5991
8824
8830
4829
7945
2906
1100
9439
7290
3873
5344
9078
9212
4753
4123
8254
9762
9888
5696
1851
60
8956
1104
5836
8632
5486
3326
2446
1197
9582
7070
9471
5032
2257
9316
8495
9118
460
4463
1497
2558
9848
8517
9954
667
9980
9372
1519
836
1257
4785
947
65
534
8695
4802
877
3998
9019
5693
1826
677
3189
8276
6179
7837
1756
960
9572
3083
1254
317
3559
359
7818
7361
5100
888
6879
4311
1375
404
7428
5027
6152
274
7872
5581
6715
2497
3442
5315
1759
7832
3587
8849
5460
8463
4923
3497
900
3952
5948
4336
3438
8893
9216
9673
3494
5088
752
5457
7053
1361
3374
7476
3194
5830
109
7123
3425
9998
6333
30
8167
2602
9666
7891
1646
1189
4225
5127
4759
9094
5706
6793
52
5498
6125
4430
9921
613
1776
2893
4439
238
3910
3321
2164
6235
1011
1852
1171
2567
3537
6984
2637
887
7571
7742
3647
8197
263
6732
211
7027
7448
7427
4025
8953
7318
9895
6098
4187
6659
3211
3718
1022
94
5865
9035
4470
1757
9467
7216
2234
1701
241
4947
3728
3135
5194
1288
8968
2759
755
3176
7364
9689
5360
7382
1767
3110
3908
5871
1266
1283
1127
3501
3240
7887
4058
5152
4224
5240
9240
9031
5575
2250
6765
4444
1046
4037
8356
3031
340
8478
6258
89
9660
1389
1533
8956
8342
6377
8790
9920
5883
1742
682
9931
6402
4173
369
7004
4298
8124
9678
2277
7700
6306
8654
3605
9152
9911
2536
7854
5365
721
2445
4117
9915
2253
4352
4967
3865
7812
6102
4311
270
123
4177
1667
7630
302
8851
4195
9852
5489
3170
13
9492
3996
3004
451
5053
3174
7296
7857
9422
9058
2781
418
8747
1697
5873
640
5267
3634
6782
4401
152
1339
9757
1226
1551
9692
2171
5202
6185
9049
5925
5356
1116
8476
2883
2856
6767
6318
3078
928
1247
6739
9304
2202
4178
525
2189
1099
6630
9362
8260
8993
4583
2336
9616
2646
431
5737
7361
3742
4694
747
5324
4921
3758
748
4306
3583
4195
3465
1050
5953
6775
6502
2809
3966
1918
5460
583
4245
7487
2796
5451
9218
4280
3807
3502
2634
1370
6136
1211
4539
9925
3118
6269
6564
6132
8744
6181
5070
5427
7955
5931
2771
7770
5606
1709
85
8035
9981
6597
6022
1621
6301
8281
9987
6263
7033
8588
5753
7324
1568
1592
9839
4275
9659
2842
3719
9832
3389
7224
3310
8609
1615
1155
6527
2291
580
410
2630
929
2784
9996
1657
5867
6271
3629
2487
995
7485
3737
1205
3155
8878
9535
4158
4139
3589
3910
3327
1228
6595
7448
6014
7985
5975
5933
5904
1779
7665
6537
7330
1231
181
6093
8205
6537
553
3324
8455
3419
7587
4577
8759
9124
5448
7824
3735
7736
7583
4493
7510
2555
6547
3531
3777
4195
6245
6146
9910
8736
781
6299
3883
474
2097
6454
7947
8954
3550
5905
1098
5996
7081
4528
9649
3514
6234
5078
8708
6811
2491
6522
503
9546
4496
2449
7991
993
326
1939
7818
2854
7718
3188
4762
4322
6894
8297
7081
8504
4719
263
8559
701
9172
6092
7319
1591
2515
4980
5374
8042
1347
5201
3258
5337
7748
3297
3673
643
9220
1770
4234
3729
2683
2335
9273
730
4724
2846
9098
2908
2049
8930
1046
3040
1031
6550
5508
2996
9919
5722
7885
302
9479
2541
3563
3886
3608
6529
4401
9797
4977
972
2227
4186
9902
8602
7643
5360
5219
7386
2740
8132
2314
5887
5878
4829
3343
9174
4478
8265
808
8329
2902
5212
5783
2283
8477
5324
280
1681
6489
7582
2288
3912
8517
8904
8809
268
9366
8503
8915
4425
2501
2506
3317
2354
1587
6378
4732
4719
8306
8456
4662
8090
5431
5759
8269
6428
7373
3307
2185
8499
1058
1523
3222
6684
478
5900
2649
898
1403
4422
2964
6547
8150
6379
5038
6042
843
550
2428
3568
9654
23
3839
5395
5313
911
8635
6115
487
42
5124
2758
4796
6410
8824
2463
8503
7526
5001
5866
5040
5859
7897
9870
6188
3112
9630
1181
6307
5498
2308
702
3589
2010
5332
6280
6766
4784
8548
1591
2176
1173
2307
2071
6730
5547
7387
4077
1277
325
627
8132
7380
415
6236
540
2147
6320
5388
4001
9053
9633
4772
1513
9336
6768
48
320
9131
4431
3256
7782
9267
9742
4563
767
9401
6248
2069
3367
4738
8374
2930
7823
4937
9298
6730
5780
3005
2990
4556
3627
4223
3409
4253
3733
4366
4290
3972
7542
2803
9769
9195
475
1112
6287
7512
692
9501
6437
3661
8352
4931
2352
6326
2398
9486
1784
4603
9986
975
7577
7880
6065
8430
67
7767
7382
2806
8333
9358
270
8127
8666
3263
2661
8168
3700
6241
5455
5270
7892
1796
2703
9150
5786
9497
9944
8502
9695
1942
6493
7078
7622
5945
9998
8530
7569
2289
6508
9326
4445
3832
8812
376
7398
2090
8477
9829
3756
1508
1100
3448
439
159
3008
570
4085
7502
7941
2716
9152
1107
7216
9857
2485
4866
4440
5812
1787
5248
8801
1713
9266
8638
968
6272
4307
2269
5121
3328
9260
9663
1387
9338
5185
2730
3759
3251
503
7556
7254
8252
3430
5297
7490
9136
466
7867
6995
1185
4842
2214
2043
5956
5811
7492
9523
6060
4683
2285
9808
2748
4608
6753
3887
2546
1240
9666
2659
1406
5268
6045
3825
6167
4083
7231
1744
3806
2027
5674
2966
5412
7716
9604
2164
7297
4918
7479
2802
8272
5300
1293
8900
6620
8728
142
9932
809
5089
9348
474
3262
7362
910
6700
5298
756
9594
9200
1083
4311
2588
5446
3819
7725
5895
7720
4281
21
8954
3161
6165
1640
7606
4723
5567
5839
4123
7501
3067
4884
1048
4990
7242
4792
4752
7838
2811
5984
5138
3150
6259
7326
9678
3748
8198
4086
3390
2292
7490
7930
872
4514
6833
7128
5356
4366
9632
7555
9810
3307
4941
1811
6339
4578
2936
8488
7703
8675
5891
4215
8839
8439
671
3862
5092
7320
1487
7046
5247
3599
2069
1735
7413
9645
2886
5643
3450
7199
8844
5015
4598
4071
3396
2583
9440
6287
2236
6212
1842
5727
3467
1703
1031
5208
6648
3618
7957
9729
5525
9448
5570
5991
2024
732
4493
3135
8687
3919
4584
7836
2671
5640
9554
3942
6354
4231
3878
499
4835
6803
62
9763
6
1195
7222
1980
3005
1105
3535
3838
6570
4013
2591
930
7346
3924
9288
9536
3899
5663
7544
3231
1038
8663
3903
8535
9559
3775
4240
2657
2630
9621
2318
1314
1858
2551
620
2858
5042
4682
2546
413
3997
6179
1250
1911
9847
2243
12
383
6772
7218
6042
4662
6142
1272
3912
9801
1133
5663
3790
2365
1192
1821
5252
8835
3161
5184
5273
4428
5918
8554
3750
385
1558
1656
2147
5002
5617
7021
1001
9856
2093
54
9822
9738
1956
5610
412
3674
9726
9633
9040
2001
1720
6006
7755
3005
9553
9999
5749
3210
1872
6276
4508
5760
1159
1581
5904
7036
3939
9755
3109
9476
6185
9879
5575
3471
3989
5479
2753
8473
22
7583
6275
5870
6114
1836
1282
5111
6942
3128
8051
6096
4495
4517
179
4545
3720
3079
5239
3251
2019
7085
986
8733
7046
3542
802
5297
5354
864
5056
7292
5884
6982
2271
3411
4141
3958
8062
8818
1851
3402
4394
5810
6430
3429
1636
8994
2902
8460
6225
9706
2223
3041
9793
1254
9284
7631
4376
4237
5066
635
8148
9029
2464
8515
8789
4409
3882
5908
3533
2779
1116
8489
1403
6408
119
8654
2825
2739
3877
6699
1584
2123
7887
642
5638
5854
7372
2717
9135
2589
7569
6933
879
7402
7018
5976
1231
5426
9073
5637
29
7063
9110
8984
1423
89
2025
6378
5172
7180
8168
1896
8437
2893
9193
9372
1562
2664
4910
4313
2646
7177
7680
7349
970
4794
8152
511
4067
3654
4599
607
9158
6103
5064
7454
4623
573
3346
7277
6508
4142
8943
9991
6872
6409
5336
2723
5549
9250
2634
6852
6845
8397
6029
4184
7159
2869
7068
7356
2836
420
9287
1753
4683
6123
5337
2183
6421
5988
9479
6344
8718
57
6585
4065
488
9226
2461
4307
7981
4246
2372
4497
8256
9950
6613
7102
8747
9457
8191
1873
4230
3887
6698
189
4332
5448
3044
4681
9951
1995
1149
4534
5738
2377
4725
3584
1540
8392
2511
4091
8765
2436
9124
7936
9379
9649
7305
7395
5201
1780
3964
9190
8793
8608
7405
9018
1256
1210
6023
6815
8356
2360
9132
7293
1969
3127
3721
2958
8267
7443
3920
7877
1634
7420
3922
2727
4917
9525
7291
6313
3836
3974
8253
2553
7313
7171
5654
5964
9312
3832
4160
7395
1166
2917
4874
1648
9607
68
2353
6330
6288
1349
7872
4774
1244
7643
744
3094
3035
168
9965
6526
2437
2518
9501
8769
2627
1941
6458
127
993
4417
125
2880
7651
9944
7725
2456
1724
4720
6641
2737
2615
5539
5606
3589
7624
8174
6562
5065
1975
8294
780
3746
1916
5477
6913
5604
796
766
8758
5534
1134
412
311
2178
1630
9124
9222
6988
8675
4408
6974
1212
9018
5483
9549
3348
33
3182
1772
752
2526
386
8272
8578
1270
5390
8138
8555
9858
7864
9746
4059
9802
1472
7062
1465
5652
9931
8907
4045
7053
7299
3229
3798
6495
8240
6840
1500
3922
6164
8628
4340
9832
2453
6402
5762
9914
656
539
7914
3827
9448
966
6845
5406
2084
4729
7469
2118
4226
5935
1240
8083
8423
3238
989
5683
1561
1901
2908
4724
6430
8276
6452
7700
5351
8515
2054
1790
3018
3932
6463
286
7308
3638
926
7402
6752
4328
6062
468
9089
4864
9580
8146
8616
4525
5958
1509
1111
8149
4853
4029
2104
3575
6687
5272
4013
8429
4272
2541
5473
7342
5136
1602
201
6840
8132
7048
6930
887
9744
5582
2701
7420
3169
5453
8924
7565
744
4867
6247
626
515
6466
7892
2087
2835
2158
1423
41
6717
8122
9102
6034
1835
1729
3840
6138
4648
2796
2819
8039
9135
1903
657
2523
328
951
4272
1308
6390
766
9988
5463
186
8050
9679
1023
5711
9423
3927
9945
5724
7647
1415
4780
8856
9747
9219
5281
9408
4905
3162
8654
709
5080
4214
3462
6707
1624
904
7417
1173
6671
2709
844
7628
1067
6819
2014
176
4335
5430
4832
3006
8595
1536
4951
5743
1403
4093
6336
3183
8220
9499
241
8114
8279
7773
2865
561
5157
7430
5244
9001
3254
7855
8808
3550
1004
1850
2985
5970
4709
8640
4950
1558
3682
9619
1967
86
5721
1405
8680
3422
6427
5278
6634
7485
1594
3112
5780
2420
7022
3467
5437
3577
6406
3503
2652
1858
2525
4507
1303
1440
1177
582
3608
243
6642
8393
4884
9858
1019
3214
4413
8463
9688
9246
9473
9717
5961
2562
3442
3628
9850
1460
900
7969
3850
2289
2903
8766
2283
4212
4986
351
9916
2029
9615
5342
9526
663
4662
1487
4938
7558
5533
2636
3190
7634
4185
9056
3857
6571
2668
3095
8524
4616
3754
3331
8366
5109
106
1253
7742
3475
3493
4124
7022
9876
3184
3234
9702
2314
5774
5765
1934
7835
4526
9666
9657
685
9014
9197
8882
4705
3366
2092
362
8902
1004
5634
7463
7929
5691
6515
2649
6191
3412
8937
6156
8810
8973
8478
8985
3007
6262
2314
2282
7647
4745
6845
9741
6646
8027
9028
1387
4808
4413
843
9499
6255
1043
1274
5620
3149
2120
254
8109
4469
5596
5563
9240
515
5754
9863
4611
4793
5037
4577
4861
1881
216
8133
5714
2750
5187
3538
1461
820
3894
3815
4825
8398
7888
5726
2988
6057
4080
3353
447
554
4243
6611
912
6602
7096
1511
6207
9507
5728
3079
7842
4999
4619
3500
8199
80
205
2511
4385
4550
9108
8876
4092
5247
3755
4820
2199
2738
5104
9069
8916
8099
1509
5130
446
9017
502
7741
7034
4637
5768
239
7564
4093
1733
3982
8226
1763
2823
3384
6639
449
6788
262
3952
7132
8703
3783
2058
9845
2813
8408
3760
7941
2744
7190
3014
5068
9049
9567
9690
6619
4821
5447
2311
2351
6742
3466
1530
5793
2039
2344
239
6612
7692
2018
8546
7561
510
6118
6693
386
751
4176
2302
7826
2941
4243
4465
6825
8765
1607
273
1732
3798
6237
3875
7998
2222
6435
5739
6911
378
4699
764
8683
7879
9444
755
1996
7121
8208
4021
490
8833
5414
6741
933
6627
6320
9336
6246
7076
9225
1071
9002
1582
5301
986
6013
3079
1670
277
7690
8139
3463
7872
8359
6216
9331
7517
4690
3852
1401
965
6973
8507
6327
1164
5580
7453
2910
2760
5808
5215
5046
8089
8380
4619
1665
5681
6854
1410
4744
9951
7693
7581
7389
778
2927
631
2289
7478
3439
5228
220
7056
1728
9069
990
5463
4845
5938
5662
4867
1478
2994
944
4433
4065
7378
762
5398
3751
324
5612
9192
3891
7208
4612
1531
994
8725
678
4308
2000
4186
7637
1500
2709
1647
5546
1312
9417
7636
5575
5417
9960
1296
5377
5249
5466
291
1259
1740
8993
1467
6797
2116
8899
5868
7752
2073
908
4847
5734
9412
7636
6854
465
5418
6696
9677
8391
1308
1988
6407
7443
5419
4870
70
4689
7332
9233
1094
6896
8227
6986
2911
5229
3720
1269
7134
6872
8957
7366
4761
9884
3952
9553
5733
9983
312
3705
1250
5460
5786
1285
7353
9716
2149
2183
6410
245
9244
2255
9804
9022
430
9446
3615
2877
2674
9278
7571
2186
6740
1412
6840
3579
3766
505
6820
1499
2126
3445
4124
378
8734
5850
2468
9120
8749
4953
7961
5842
9979
1186
1687
7475
3314
1558
6937
6503
535
1246
6454
1571
8176
8257
2472
4757
3941
2570
5850
2604
8382
959
3705
8641
7939
5281
261
7972
1681
9018
4274
2659
341
9417
7412
8677
8568
1049
8117
3605
1117
2085
8800
9065
8277
5338
2748
2592
1270
4651
8079
8942
9172
9529
2814
1761
8286
9611
8237
9516
5235
9772
9246
6732
8963
6459
9759
8836
1942
2330
354
2485
3566
4338
1979
631
9796
155
6418
2051
9926
1371
4499
417
4547
8004
7832
3020
4203
7846
5033
64
6991
283
3059
6709
1034
9626
2136
4853
684
8329
2706
5862
6407
7096
780
5415
871
9665
1669
2497
8648
5377
7299
7126
8460
3956
8101
5830
3080
1209
2642
5190
9995
6847
3527
8097
234
7491
1212
7540
2337
1648
5244
2369
4475
5169
6854
9520
8524
192
7832
6415
8215
3554
9878
309
680
8175
5017
1055
2810
8209
9855
326
3589
9384
2709
9317
9960
2001
9544
3590
9003
6561
8801
31
2501
4148
7398
3496
6990
5662
7984
450
8268
3103
2297
8913
6541
1647
8612
5334
7050
9200
1816
937
8486
2280
4631
7223
903
5278
9590
1437
6467
9580
5315
7585
617
6020
9349
6457
5552
4123
4614
5952
1435
8355
7577
4741
6620
9933
2600
7559
6103
7870
7683
8072
1240
5452
9363
5369
4939
5552
5825
260
2050
3283
8770
7174
1044
5406
7012
9423
8157
6757
1768
481
6441
9742
4400
6304
2226
2582
7656
5160
5133
5914
1099
4348
9135
9053
3204
6871
8943
2582
4232
7451
8183
2620
7698
9236
6227
3751
7334
4316
3857
9119
1702
3291
7426
5696
4980
6584
1750
6180
5191
2903
368
7318
7144
5754
3763
4038
3809
8973
3067
7439
540
3507
3269
4350
4996
5278
7988
9987
8848
5508
4652
1486
3127
7803
8934
2897
1048
7813
8140
3405
5391
8703
8943
9382
8977
2906
7536
1646
4879
6135
3879
9208
8131
966
2980
3706
5431
6490
6876
9374
3276
6081
1657
5571
7011
2908
8841
186
3204
2062
6481
6190
8616
4976
3386
424
3207
8650
1788
6909
8656
896
2551
9073
5006
5072
6933
9040
2260
1319
9900
6649
3732
1731
429
4214
6381
9673
9036
1414
6943
8667
503
8019
546
6925
3230
7380
4934
2032
363
1541
9098
3556
7806
115
3287
9225
8928
3828
652
4113
9159
8559
1192
2559
4665
3089
5802
1918
3910
4743
7199
5929
2700
9751
6485
2643
4346
2309
5129
7404
8960
5434
7675
3291
1748
1728
3912
7022
3217
259
3979
5724
367
5906
2106
7770
7548
7880
836
5440
3286
56
374
3400
2952
5452
5217
8672
6811
4278
763
4801
9221
2047
5688
8275
448
5398
5435
1246
3096
1417
5352
5556
6763
4060
1199
743
8554
8704
6159
1401
7197
4410
9658
5550
2828
6762
1201
4727
7442
4168
2680
1880
3945
7130
959
4292
69
1285
1571
3650
8931
9461
5443
5572
5585
9140
3743
8790
9555
8475
8609
4897
9068
571
7199
7418
8363
3352
6567
2697
7762
345
1339
5209
7266
7536
8466
9288
6016
4443
7531
3911
5988
4202
2876
8803
597
593
5066
1380
9568
8474
88
5670
6806
2965
9152
6534
579
9594
3712
3477
1008
8399
452
919
2785
1797
5957
5580
5589
5064
8659
1020
4474
1109
4711
7260
3704
6654
5687
5821
8136
1448
6102
5724
6778
5715
8714
6462
8133
3293
3251
1523
2841
1842
6308
5014
2464
2970
7939
9615
375
57
2495
2714
795
7749
9927
5852
1321
9799
6680
843
4206
8690
3471
6751
5884
6115
9331
7207
9527
5013
7042
9350
3343
7865
3244
5324
8597
5891
64
1143
600
6752
7008
4323
9858
8459
8257
9786
9420
6580
6835
4694
6725
9345
47
6833
6181
4242
6978
931
2410
1115
6299
7543
4991
2629
8456
4891
3162
9240
1030
7539
3499
5970
2678
9110
2378
1118
3327
7570
7947
413
1905
421
2313
417
9966
2213
8785
2489
9558
5136
7783
6627
1232
9847
6667
2752
4013
721
5250
2684
7021
3879
1430
4897
1857
7399
5040
2573
8993
6235
5656
4787
506
5743
4142
1188
6856
1455
9325
4945
1241
2562
8087
1598
9373
5713
5433
5426
3368
3842
8366
6213
761
9966
430
1410
6812
5029
6067
4811
256
9143
5499
1528
7344
7348
2830
9784
463
1305
8965
4605
969
4570
2512
2349
5214
5851
4824
7048
7508
5093
9668
6922
2900
8288
1627
1194
9204
6164
3643
5849
6329
987
8726
2549
2369
4254
19
1767
6602
919
8378
7515
9915
821
7903
1651
824
2919
9073
5230
5765
2592
7353
2484
1752
4320
2234
7238
5097
8328
2335
3645
8039
3387
8663
9188
4629
1069
4216
9109
1113
104
3334
4938
282
9599
1238
4621
1157
4724
1038
3803
1332
847
8904
2516
3444
3696
8712
2810
6969
775
4491
5515
8540
5506
4661
5994
4033
1203
9939
4069
9784
8144
5943
4984
1922
6266
6957
5069
4566
863
1550
2329
3210
1810
5702
3109
518
7098
6956
4272
3340
4618
9605
794
4416
529
5532
4720
1185
1698
1656
9986
7953
3489
93
7395
9635
7145
615
459
2491
9158
2983
4957
8831
5003
1718
6134
6584
2183
852
7278
2765
5237
9045
7402
9587
7027
5609
3068
4117
5827
811
3047
8371
6135
7776
4637
78
1253
5573
8389
3135
4584
6159
5123
96
9231
5352
5277
5540
8618
8002
4664
7016
3704
9829
9072
1687
5137
5633
6606
4656
9980
6996
5892
1541
7587
5534
4025
6869
5419
3964
4391
5573
8383
7688
1430
3078
6145
482
4807
8641
503
4893
6334
7390
5735
6538
58
5665
1770
7429
325
1414
1189
9373
3475
6260
1849
3540
861
4002
6783
2583
6638
2641
6081
572
5804
4399
8355
5288
3222
4396
722
1128
5286
7535
4231
4317
7412
3928
9298
5152
4724
1146
9670
4337
2010
5295
8794
6155
1890
9815
4206
8779
1453
3745
3340
8697
7792
8728
5482
892
8812
8951
1416
5953
7981
730
1438
8166
5955
694
2222
3832
6928
5700
5772
9698
2053
7464
2725
8671
2300
6505
611
5101
7349
4070
9833
2175
7196
4922
5821
1733
6819
4119
2155
5848
5101
2851
2995
7933
5477
7639
7711
2432
2643
5565
7980
8701
7292
6378
5720
3634
6314
1484
590
6150
8633
9240
7191
1890
4929
7857
7751
1915
6109
1668
1872
3925
1420
4965
3551
8204
7274
263
4036
7058
7573
8585
5697
611
8101
9617
6328
7252
7835
8374
2549
5554
7767
2641
8742
2395
9465
3524
9411
4459
7167
4896
2094
6574
8060
2635
1859
1670
2328
1706
4600
7015
8435
4376
8470
9103
6629
2674
8544
6770
3378
3961
4933
7591
5936
8965
2162
6962
6215
2773
5466
4813
3144
6607
2129
8842
805
3575
3025
7736
9436
7146
907
5933
5844
7919
1694
3833
9945
6182
5282
705
497
1473
4717
5746
5490
496
3975
4538
5768
4967
143
9606
407
9464
4948
5559
5454
7817
8168
9929
734
3638
3461
102
2440
4875
9225
7069
7634
6589
7128
4309
7319
216
3350
9762
3663
2707
2454
7092
1275
2467
842
4509
7635
3867
4434
8317
5500
3395
5148
953
8577
6614
7474
9022
4419
981
8691
3631
2444
1847
1762
2507
2768
946
1322
4600
5933
7020
5095
1715
2450
6370
1402
4184
9148
2270
550
8985
4430
3139
1710
2592
4075
7559
221
228
4690
9417
733
1629
9822
4910
5054
8171
255
6158
2868
5572
4400
1958
8860
5207
7035
2727
594
536
747
2543
3601
154
3281
397
5993
6698
8437
1884
9503
5619
4272
1363
4906
3321
120
5026
1159
6686
9869
4666
8810
7079
3131
6664
2048
4123
8494
7327
40
4150
5081
8048
1776
9332
6190
9313
3082
3591
4555
3029
6079
9740
2237
8289
4428
9090
1100
5820
6658
4240
2647
3705
9735
1296
3722
6070
4027
350
8939
3481
6893
8601
7966
2471
2605
9435
9998
7424
6895
5302
7264
3588
5423
5035
8863
3517
3108
4254
2278
8400
3458
7745
2895
1227
2105
5684
6291
430
3800
7937
753
7035
5040
4192
7435
1820
7173
5302
6813
4008
136
4581
3757
3776
1150
848
7545
7506
1229
6413
3475
8441
6320
5023
118
7622
2337
4725
6820
5529
9012
2519
5609
7712
9786
5655
3189
6161
5129
7568
1391
2754
4262
3170
1390
7880
5990
1559
9599
813
441
6006
1911
1507
6334
6602
6942
2255
4947
1046
9216
7433
3621
6251
1227
741
2598
7708
4736
8142
2859
43
6758
4325
346
5154
5083
5463
715
3705
8152
1288
4609
8021
8596
2790
3169
7095
1252
7911
3342
4346
8650
5377
2831
3151
3690
957
1158
2734
976
5837
5615
205
8461
2024
3101
2537
8034
3103
3506
917
6970
7033
6957
673
4126
3028
6091
8588
6312
3997
5515
3934
3312
3284
1899
7910
4629
7064
328
7151
3858
6396
2287
3856
3079
5972
9350
1108
7171
9713
921
2831
8066
9836
9526
455
4743
9336
4605
4690
4690
352
3851
8820
777
7872
8987
9427
8520
2488
3816
2331
1367
9108
103
4895
8328
5856
403
4367
5649
8060
3943
8093
7510
1121
25
4181
8066
9938
4392
3711
4330
7907
1434
2203
715
4637
7548
2543
9126
1005
8085
6800
8341
8890
1869
3660
1022
3478
6435
9053
9790
5233
2017
9254
5889
6213
193
5328
889
6205
3054
3032
5822
6535
3006
3777
2683
3675
9422
1880
2326
1458
8873
4041
4357
2976
9822
8110
145
4739
8478
1278
7625
8257
2441
7429
2951
6503
6592
2353
1332
9998
3391
8190
9444
4551
7101
9828
8149
4905
8244
2839
9919
1312
2182
8098
3046
6355
8463
5464
1541
8218
9977
2202
8439
1921
207
260
1299
4425
1562
8447
4350
4635
6682
603
3403
5867
4767
129
672
9264
4034
9443
5481
3175
6795
1316
7291
641
6121
2894
3305
8298
5636
928
4062
1575
6678
3808
3071
8541
8742
7744
5753
2052
4862
8894
763
4361
6254
6490
9429
7122
1323
486
1871
9513
9633
5685
2997
2834
7219
4983
5298
494
2872
5192
4804
1011
7523
549
4076
7125
5262
2711
6344
8319
5871
6576
3929
8214
2535
8021
2334
4780
9616
876
6358
4150
3888
5550
5185
9926
8438
5502
4900
8561
410
3156
709
5940
4152
5365
5657
2358
481
4406
9179
8813
1562
1756
2345
1631
8255
1869
8072
1977
8860
3439
877
2018
9660
8850
4140
6947
8691
1216
1636
1635
1627
9021
6439
5042
8022
8859
9088
2952
2875
9092
5449
4221
5467
5587
611
9634
274
6500
6340
7123
3347
4342
4612
8163
9661
427
4626
5591
4977
113
6207
5827
1622
9497
6163
6660
4806
6547
10000
223
4852
1278
3888
8377
2852
6990
4600
4192
7520
7934
4601
4355
5154
9992
6546
837
4241
6792
164
5168
4691
9727
7128
8140
9474
879
5203
7853
2753
2726
9990
4696
4152
8515
7799
9881
9836
4244
9620
7071
4802
9285
7786
1268
3878
5982
1145
3919
1670
348
8709
9302
4000
2416
5436
7079
4406
4138
4282
451
3709
8938
118
4410
4626
1189
3247
4912
6852
3636
1321
7917
8828
5492
7569
6363
2109
9573
8186
1165
2141
5562
1374
4959
5324
9750
817
100
8739
1589
7227
9461
8672
6618
2733
2250
5304
1684
6381
6205
7726
7311
294
6150
4942
3425
1900
2198
4433
442
2230
85
4477
9853
8516
4739
6210
8411
9943
5106
222
6708
4077
4155
2904
7722
8055
5901
1274
7930
4619
6630
2155
2291
3205
6251
3222
2598
8602
5611
6810
68
9020
294
7890
6353
1006
1522
6836
3814
5851
3551
4104
3798
6238
9367
7591
6170
8344
7536
2565
8084
3912
1955
2221
4237
2373
8680
9244
8588
1426
4832
5634
7954
991
3714
7921
9107
3729
26
7073
4437
4707
1127
4884
888
7168
9968
3590
1264
6558
7701
4579
5695
7168
9361
9840
1239
4169
5464
6048
6524
4658
2200
8659
1545
517
222
5442
501
605
9748
1323
5352
8952
6920
6144
2932
5567
8873
1961
8602
5847
9860
792
1604
692
7473
4052
5142
8851
3060
8823
4119
4251
7675
685
4501
7079
2519
2661
8225
5268
7143
9813
7554
4999
3675
2118
7245
3258
387
1874
3547
8989
1943
7153
8581
9855
9149
1894
8895
4194
1097
8174
7646
80
5760
7923
7850
3172
9514
3887
8611
7592
3667
7399
8418
4726
5539
5244
3290
5154
1003
2985
1173
2746
1562
5770
3218
8479
9170
4215
7989
5280
8117
6441
5823
2339
8913
9271
5493
1149
1625
8826
9797
4811
1132
4709
9676
2331
4800
2699
7787
4945
4173
3438
8405
7700
1396
719
9533
6777
1681
6774
4755
6968
9552
2037
3900
5838
5638
7913
2999
3440
4767
8077
5568
568
4012
7689
1843
4
9887
1754
3199
1910
4308
7046
1027
8098
88
1325
5883
6497
4295
6353
8480
6931
9753
3765
4604
8983
709
8333
7838
6141
1898
4857
6785
8695
8597
7938
4453
1424
4849
684
9981
5776
3574
1384
7916
5472
8789
2956
2509
6311
2400
4454
5113
5524
3978
4111
8173
3163
1566
9314
1432
6494
3000
321
4310
7895
2870
3138
7391
4185
2509
2353
8176
242
2101
9417
4430
4629
1820
4530
6688
873
4407
9970
2133
7031
4282
28
9640
2680
3854
2514
9597
2666
5346
5278
9805
9743
3506
3679
6811
8891
3433
8257
2228
457
4444
2850
3647
7094
9987
5713
8888
1459
3582
3597
115
286
6284
9801
8336
6487
6271
7411
9107
5928
7717
6319
1010
4080
1790
7206
3724
4745
3431
7823
5125
2813
1761
5586
9825
1991
7874
7986
5055
853
332
1137
6818
9288
6483
7879
205
4254
3623
3523
3625
3301
3740
5434
4542
4028
1426
2667
648
3607
5927
5061
1096
7311
9314
3478
2743
6802
5576
4131
9412
5810
2650
4368
2702
9479
189
4376
9071
6040
7642
2468
2105
3477
5292
2927
4593
3543
606
5430
1054
6131
7578
8452
6886
8410
9451
3422
4467
654
9395
6652
7321
6242
5514
895
1774
1717
5123
5748
4809
7833
9255
8313
9865
592
8488
9317
1531
1716
4121
9242
9125
643
8021
6586
5837
8605
4328
9435
9276
3918
6124
6737
1845
1268
4974
1846
8688
924
3239
4026
4252
6073
9116
8377
5940
3802
8514
4342
6167
3465
5760
9532
2560
4233
9389
2227
8759
3348
1324
7093
3814
8548
4719
2022
1691
8076
7400
8890
4726
1540
4243
6286
3292
5565
5224
7838
4991
3667
5112
8056
2303
6285
6932
6219
9492
4404
290
1890
3117
7002
370
3497
783
6575
9034
9763
9652
6668
3832
1273
5515
6237
9433
2868
2000
2913
7472
6263
5906
752
3487
6196
3401
6835
2151
107
4011
763
6551
5880
9639
7190
7362
8072
9960
6784
3819
8868
8413
7825
4226
5768
7536
8018
7850
7893
74
5852
4821
8064
3714
9824
203
1823
3875
6025
2908
2922
8412
5552
1834
962
844
6195
895
8148
8167
7716
4593
3096
92
7507
2441
8069
3531
8125
6458
2375
7956
5474
161
8836
536
8015
3234
1362
2927
9723
4923
1077
602
7323
2851
5292
2576
482
2159
3522
9614
6166
4603
8851
5896
8195
1365
4034
8681
8814
776
5349
3451
1970
6773
9145
9475
8295
6118
1863
4993
8443
7225
7217
9245
1842
8491
2847
2646
6951
3566
2053
8707
5744
1442
8849
4018
5595
4396
4550
3128
4081
6297
1659
7037
8463
3796
3764
7475
9806
8448
6924
7247
1465
8727
7270
9599
4436
4077
9641
7411
1210
185
6212
5175
90
5848
935
6418
9603
8147
4884
7784
6830
8387
9408
3218
829
7176
58
1738
965
7976
8039
565
2780
9167
1689
2935
4081
7081
4156
2395
8270
8533
2356
3175
6011
7403
5472
3385
1819
1457
1124
2035
5384
5577
5564
256
9884
4556
7916
5142
3591
6294
8296
9616
2284
3018
1769
5982
9602
2571
3183
8302
9256
8424
3748
8249
5229
7788
