1156
7922
9813
4517
1234
6891
9151
7279
9164
8228
5821
3124
5435
7559
3713
522
4327
7602
207
9151
9400
2236
2315
387
7120
2288
2195
9945
6919
5401
7371
4218
3251
7641
3809
4627
5322
1192
1231
1026
2628
349
7967
2264
416
457
2533
9828
4830
4098
5809
31
4538
1728
7150
8501
660
1144
9703
4793
5178
349
9890
5533
9736
5580
8086
132
5901
6370
8676
533
6162
4585
4715
790
5436
4200
7027
1033
4650
8467
305
5144
9223
4069
292
7762
6545
4018
8380
6053
5707
1201
7313
3513
5877
922
9897
8556
7328
6997
9305
6369
1728
6091
9478
5458
9836
9091
7777
2720
6047
8698
5402
8162
5744
1754
2584
7458
8966
3231
8421
9855
4633
8641
6467
385
6701
4992
9541
5447
1856
7399
8910
4271
8076
4600
6543
3928
8472
1469
2329
6859
5181
3685
4980
7506
6183
4394
2832
7276
6760
3873
7398
7318
9954
4458
2431
6198
5056
4215
8316
8426
2283
7149
4147
4880
897
7926
2432
3076
248
1666
6981
7612
6868
8428
1935
3423
7627
3865
6731
2843
631
9484
1454
7359
9302
9546
2162
8328
2366
1952
484
332
6003
9216
1518
8607
4854
8234
1058
2319
4648
2187
5250
8036
5627
1181
3339
9528
6922
3279
38
9382
6991
2850
6376
337
4799
9120
9025
6805
7844
3133
2433
992
5385
3328
1921
5840
2883
7028
6792
9882
7722
3875
5400
3342
1072
1618
2002
132
369
5345
5638
2286
3296
4311
2169
991
5520
3646
2507
4408
9214
3498
8150
2636
4824
7901
5724
2765
1625
6415
6213
8309
1338
5585
5751
5613
1532
6157
5994
3825
5982
791
2147
5679
5449
508
8143
4502
3163
578
9942
5522
2538
3806
8790
1203
3763
9487
1898
6606
8783
5168
204
5527
5791
893
838
6920
4272
7326
9881
2189
5685
9447
7993
9429
4432
9212
3204
7736
8127
7822
3524
9051
7733
2708
6810
6774
9794
3096
9986
9148
8344
3145
1622
973
7265
2918
9153
2395
7834
3198
606
9598
3038
847
6530
1845
5862
1134
8993
4240
195
3271
7607
2296
7164
2863
7911
665
6126
7637
708
6517
225
3123
8899
7208
9554
3502
6186
3951
1313
9986
8735
4464
1088
8456
1429
4045
4862
7204
959
2126
5092
1715
8630
5648
7173
9214
2845
5006
5844
7184
9975
168
1160
2576
5059
9689
7137
4466
8060
9581
8907
603
7881
2662
3919
3939
7786
1465
1420
6677
856
6676
4315
6012
7792
5288
3528
771
1213
1401
3327
283
8223
5229
8243
8009
9056
8695
1796
9270
826
456
6605
979
5526
6359
4478
7569
8658
5868
8588
3070
6393
6607
3848
9341
8475
6833
1288
7126
5056
4620
2437
1653
6089
2079
6143
5062
3105
6586
1614
7802
6317
2281
8165
5305
8147
9093
8182
7001
7745
965
4192
91
2881
7434
1703
2715
7417
4989
4597
3052
5296
8903
7381
7901
7714
2526
4214
5958
8574
493
6257
1161
3331
9636
3049
6129
7669
6825
9809
1953
1910
4576
1075
5193
8960
5648
8919
132
622
5148
1198
37
9508
7078
4253
2646
2919
954
865
5772
301
5198
977
2478
6663
8917
7012
5595
7644
7609
5956
830
1694
4362
9759
7747
6202
3194
910
2620
7036
7551
7651
4093
3048
6287
5134
4345
9489
2685
1998
8237
7709
69
5247
3986
695
1015
7967
24
1519
6799
2146
5687
9140
1633
1305
9202
6572
5962
1474
2308
4532
5024
5191
5840
9030
8990
5054
7589
6233
8946
8303
2118
955
8473
4521
232
7160
2448
5431
3594
1344
6335
4408
1828
7987
9861
6137
6831
2564
4768
2339
9817
4449
4829
144
4716
2217
4311
9497
146
4006
2734
2522
777
3927
3187
9783
923
5786
8376
2869
1035
7122
7495
8746
2878
9392
7845
1537
1578
6412
2146
7474
6752
3849
2198
7054
9144
7295
7460
6236
8542
7094
9506
2462
6206
5206
7292
2286
4174
3243
451
1294
8892
6267
7335
7326
2026
29
9960
2921
8388
8134
9172
1943
2568
8525
8899
9878
2897
4486
3628
5751
9941
5930
318
9095
5966
5227
1344
6697
5630
7516
4850
7437
9603
8322
7133
3178
6318
9742
7193
1657
1129
2812
9730
9985
7407
6879
1884
474
8741
8732
8345
2455
130
2516
1817
5875
8727
9235
4555
7035
6721
239
6290
1356
3695
4553
9208
9974
2818
8841
1664
6068
7628
246
6014
3171
6619
5935
5695
5736
5985
6909
7516
2807
2553
2048
9060
1994
8611
4664
6762
532
2885
5725
325
3313
5189
8439
6399
1093
2209
2534
3822
2916
7109
2028
8764
6464
4277
7732
6211
695
6440
148
5380
4559
5090
5404
8666
2984
7845
8686
7787
7200
3392
5559
2000
8159
5605
4989
1690
6107
6666
2888
6627
8102
3206
1161
4741
2390
3363
7559
2752
5984
7369
7161
5131
1656
4335
1863
2467
2972
3452
3860
3875
3397
4488
6217
9377
9372
8916
7200
1442
1772
9755
4632
7812
3380
4213
7738
6671
2034
5028
8560
279
6671
3483
2533
6092
4241
4305
2889
5844
8743
949
4103
9766
668
3899
6766
4237
768
2725
8331
5413
4707
9533
654
8086
2111
4054
2516
8915
1798
606
3209
9725
7844
8373
4892
4041
246
5645
5257
633
6987
7213
737
3876
402
5988
1121
7536
6041
778
4304
2737
4465
8012
3581
4360
1401
2547
8673
1198
3416
3268
3060
4467
7694
952
8577
4677
277
6471
6110
8328
1795
3944
1807
4843
2543
9565
6072
9084
3997
8325
5312
2845
8570
2934
4180
8850
7182
3383
9543
5639
1125
5055
5727
3387
4469
1987
709
6927
5468
1279
1188
733
4389
5430
8003
3369
8532
3684
3758
5815
7240
577
5278
2211
400
5667
1344
2226
6117
8423
3515
7959
9196
1989
8332
1241
1147
3781
6660
8692
6333
1604
1582
9851
296
9591
2576
3634
1814
210
5277
4026
3575
7209
71
8606
1532
7866
1103
6046
3983
1468
5166
1647
6852
3677
7259
2235
6612
7227
7458
3601
1432
8507
4469
955
425
2830
3178
597
4054
8445
5928
1746
5704
2194
1984
7367
5715
2422
9659
9145
3464
7051
9194
7016
2871
7711
4678
7943
9367
9688
2574
6308
3355
6500
3265
890
3848
8719
9024
3937
9492
8354
9921
9092
7828
9979
1009
4423
7322
324
8564
7828
6145
5043
1367
4953
1251
707
7953
6171
8303
7131
976
3537
3799
3591
7383
1875
7741
903
614
6094
74
4193
7436
2596
535
1719
9306
9909
7001
7157
6517
2506
5781
8723
8726
5177
9162
7874
8533
9164
7051
7328
5675
3673
9794
8279
3913
4676
9514
7572
4027
7178
7563
3832
2241
8511
4863
3041
1560
9805
4744
3503
1214
7254
2050
7969
347
46
5405
3510
7789
343
857
6422
3907
3815
9087
8117
9779
2852
3399
7241
2569
7414
2897
1476
5725
4888
8755
5627
1490
3160
6800
6128
1596
1110
9499
8492
7817
8652
8793
5020
4877
9359
8298
1340
7054
3995
8129
8018
8263
7036
7132
5095
6011
9294
9770
4622
3916
4222
861
8433
9663
6510
212
4166
3372
9633
238
5401
7190
6796
976
9205
4433
7904
3064
3397
4466
8185
510
3748
1840
6692
9846
5940
7671
7617
2862
1792
7964
8842
6544
2946
3173
1864
4608
2346
2534
2188
7539
5993
8988
6512
5842
2946
5469
3871
8357
3299
4852
7912
839
2784
7709
4953
8625
1186
4062
5090
3512
9081
4416
5022
8168
2655
4268
8851
5013
2862
6208
6703
3612
5176
2106
2245
3762
9469
9869
7131
4339
1123
1389
6973
3707
1513
2368
8089
4914
7468
7858
590
7717
5264
8262
6215
8305
589
882
326
5622
1468
7833
9710
8703
5148
7667
4276
1654
9045
1552
4882
4650
4506
8222
4481
3165
6836
5997
9847
4004
1202
6084
1583
8128
2596
3157
6508
2066
2417
2813
9657
2504
6636
372
387
8092
252
2274
1920
9767
8119
773
3883
3453
4408
3423
7091
6489
2038
8972
8063
6157
3344
6013
7545
6835
456
5883
6863
3128
2425
7023
7187
6901
711
8556
8019
1454
7988
8621
356
5375
3257
3104
2721
5896
5152
7623
6124
4851
3525
4600
6976
3742
2289
2242
9209
1152
3953
6753
5591
8003
6363
8974
5684
4459
2446
1200
6970
5821
8824
1699
8173
4958
8942
2081
7372
8845
5084
8960
2228
463
859
6687
2672
1990
9477
8821
6253
8906
4366
2144
4894
1752
3856
2690
2039
6620
6434
6183
8247
393
6194
2294
3227
6223
910
1371
7332
7743
4599
1149
9984
8430
3325
6242
5190
7175
3226
9186
8976
3950
6470
3220
457
3451
6068
9687
3870
7837
6056
9197
986
6747
1700
7550
1763
8138
1975
3688
155
6870
7639
7481
3609
1945
3849
3644
5461
6062
6333
6976
1747
498
5677
1680
9808
9313
7608
3453
9526
2202
8222
6607
8459
5286
1005
3966
9511
3803
4463
6405
3342
8531
3550
1937
3640
8871
6186
9664
6004
8360
2818
5607
6972
3517
2834
2917
4798
1016
6898
6843
6064
5509
2311
8640
2980
9168
4787
5143
8541
7921
1181
7340
6267
8835
5638
7816
3528
7014
572
4973
9938
5763
7719
6694
1588
3957
3115
5981
2883
5279
8888
583
207
2716
7166
7791
5349
2420
4216
6484
9017
4372
5859
3741
8924
7839
1559
6956
4133
8823
781
2603
6552
9182
6720
1059
8680
1753
4293
7623
3965
4164
1540
1210
2618
2892
8052
7234
8140
4266
6658
9124
7333
9591
7103
9468
1788
299
7601
9280
7949
1744
7271
8878
358
6774
4727
8228
5657
6915
3817
6714
1387
4301
5021
8279
8257
3355
5822
8860
138
8528
6434
7600
5543
7519
9838
4953
3849
5209
4760
9513
5374
1015
3648
8519
5770
2978
9430
2700
7757
448
8773
6327
242
3080
7175
1588
6042
6440
8324
8179
604
7506
4463
3688
1674
3433
9875
7690
5470
122
3495
4698
1065
8742
3425
1529
8065
4107
6448
5678
6375
9253
5222
8987
6891
5217
7705
2374
6982
6957
9887
9901
1485
8704
7706
1652
5367
8647
4767
5432
5300
2225
2413
5844
8091
9460
8712
7679
5535
4876
3156
3765
3672
8919
9456
9918
2401
3810
3332
6530
6965
320
5118
6253
3225
8008
3583
9106
3795
2321
9199
9502
6535
7028
6275
178
574
5496
3986
1162
9832
4208
3121
2612
9772
7286
2925
9110
576
7121
9544
1190
9644
6290
4063
2423
3118
1550
6194
2774
372
331
4748
2036
9214
9810
1051
4130
5248
2261
7146
9213
7916
6400
3757
9116
5415
2611
7652
9765
2623
2599
4541
8284
3739
3734
6986
7728
5203
591
5177
7501
6965
2093
3901
7528
5047
4629
7115
4264
1118
5854
1473
9356
9354
626
7713
5705
3622
9275
8589
8503
4565
6548
8844
5141
3369
1070
8720
1876
9152
9842
329
9886
4452
9422
8707
4196
3146
1270
1650
1643
9642
5889
2122
1969
3710
4295
1156
8057
4029
8326
9302
3872
6616
5373
6903
8724
1197
7171
4619
6691
9569
1245
7033
7177
6147
3051
8886
918
69
5283
612
4338
4128
9816
9018
1326
4843
3444
6917
7952
1919
2806
2420
3800
281
9204
8920
8133
9825
6419
8559
3749
8231
4873
5459
2379
5500
3221
2335
8901
9792
7422
7033
3745
204
116
5247
6007
8905
2933
2606
3752
4622
7968
2226
1669
2904
2061
9807
9518
8625
5343
6923
174
9037
7057
77
2251
6363
9757
2837
7769
8549
926
3783
3996
1554
4871
5041
2353
4694
8166
9355
2342
6446
9367
3807
1317
943
7828
2729
4704
1565
4217
4731
2037
3277
8872
2770
67
8667
4612
220
8523
7309
8232
3183
8823
7612
8668
6848
3204
4778
7970
7634
6610
2483
2730
7249
4306
8606
2160
9296
1776
8918
4386
9119
6901
4228
9828
4925
9319
3702
1502
714
9757
9192
6859
5828
5702
2964
6084
622
2253
6839
466
6788
1734
6721
7247
535
5439
7698
2872
2773
8665
447
9453
8969
4480
1381
463
5726
3521
3773
4808
8571
7920
2592
6071
9426
3180
7530
6323
7822
6128
203
2910
8641
4070
6777
5963
282
1315
9882
9605
10
2394
9386
8122
2876
4930
9797
7705
290
4796
3505
5182
4313
2226
1400
5348
984
3659
8349
3179
7089
6173
3067
3027
8692
1158
6477
9175
1795
1770
384
8586
6740
1574
7084
3581
8875
796
3181
266
6691
7531
7549
5625
8039
1512
8150
8040
5021
1266
6772
6658
9477
5821
1492
4130
867
8275
8560
9717
3327
1610
2181
2446
3092
8917
9579
6878
2603
8667
9116
6991
7121
73
5548
2950
244
3035
5568
3681
7046
1075
9920
4230
9042
9422
7410
6481
8094
9752
2669
4232
3209
7178
2188
5828
5984
1817
5734
8081
7237
4321
5586
7655
5524
7388
6955
444
587
3676
1125
9443
8698
4936
2031
3398
3761
6994
9026
8993
643
3010
8689
5000
753
851
3972
5705
6037
9612
2721
8382
6132
7266
2684
2617
5149
781
2136
2088
3978
8714
763
3201
1256
6670
5139
2134
6164
5493
6992
9571
7720
8054
2537
9776
1944
8355
6923
1114
9597
1207
7040
9999
6748
208
6170
2173
8701
7693
8725
6106
1895
8338
3861
2825
2895
7889
7536
631
4548
5250
7527
572
2368
9780
7616
875
4548
4187
7724
2862
7368
736
6893
5399
5413
6433
5558
1236
7854
200
6173
6393
2109
313
5511
7
1697
4525
6700
6681
6919
6593
240
6216
5533
6584
9256
9095
1574
431
1209
3339
9684
5264
2406
8047
7906
3263
3431
172
4789
2688
4236
6285
7437
6221
6011
2714
6788
3311
7579
9183
18
8191
7579
9998
4740
590
1892
9345
1089
1439
9652
1723
6078
1527
307
2540
9750
5109
3488
9037
8347
6169
2102
5793
4925
3598
174
6177
641
8297
5067
2825
3755
5944
4687
3549
6524
1472
7999
4911
5519
9783
5257
198
4568
4742
8358
1049
9355
842
2130
9528
8497
9562
4413
3410
6297
2966
4889
7550
6468
1389
3316
9149
9750
11
5795
3991
9775
181
6835
9525
3405
141
9199
8562
5260
4162
6176
6799
2489
6936
3241
3223
2099
9204
3102
8584
7200
6819
7558
2148
8998
6651
3484
496
6847
2919
6301
7354
4001
7501
6942
2463
5452
508
4991
1569
3451
4520
4010
5447
1108
9341
4055
4423
1608
9417
1607
8248
8466
6460
1836
2771
3328
3380
322
437
6920
3082
9942
9128
589
4856
5312
6095
505
9261
1725
8420
4828
6008
3216
1806
519
6113
1809
4286
5784
8839
3748
4324
8771
6659
3944
8100
5199
67
8658
4956
8648
3900
1059
9456
7331
7265
5056
7643
9774
5368
8992
1987
7026
8227
8346
9020
3357
6781
1600
534
9601
6244
5158
2157
8179
358
4127
6595
9101
5827
7325
3990
4326
7303
3922
3391
7278
2438
4033
4234
4421
101
5272
5204
3311
5200
2710
2053
3855
5659
6080
7489
6812
2099
3479
9542
5657
4588
7237
9075
6800
2313
5983
5318
2701
9451
195
876
4601
3164
5837
5261
256
869
4469
6308
1173
2359
6329
2468
6606
4760
7757
447
8816
9739
8633
9229
9283
220
4038
671
9197
8557
3833
3807
4893
7953
1105
6616
1469
774
6246
3652
5026
2393
6915
3475
7846
4740
5418
9519
4618
6774
9659
9566
5225
838
9802
4093
8359
2457
536
1871
2516
5182
5804
1017
840
4421
2512
9913
2335
1067
5318
3006
9529
7150
5066
9065
4380
2990
1080
7144
8301
1677
4054
4525
4182
1970
5265
2405
3525
6613
6085
3795
2123
1727
4338
8560
3833
928
8624
7422
3677
436
7942
2239
2864
6103
2883
9918
6418
718
5619
6464
8545
5153
3944
525
8683
4488
8220
2937
434
8732
587
5236
5292
9374
1400
669
3281
1306
3036
8255
6956
4021
3775
927
1619
5399
6199
7795
6513
9308
3007
3722
4159
6284
9655
7191
3577
9440
1735
9270
9888
8125
1299
103
7547
5547
679
4960
3371
5269
593
755
2781
2620
8828
5913
9512
7027
3536
3807
6529
5549
2281
7317
370
7108
5881
4402
3126
4668
8488
7706
6117
2425
2702
7821
848
1740
6970
4938
3710
5037
4246
5565
5598
6361
6054
7617
8370
8754
7330
2794
7145
2869
3101
5575
2168
241
3458
2246
1511
8797
3059
7246
5807
6208
2282
4846
9835
581
7757
2306
6009
2563
8243
4808
148
4289
3464
3381
5370
8603
2454
4253
2637
4516
8322
3337
203
4499
6477
6951
5317
4152
1286
7984
3648
8904
1982
1201
8821
945
7217
4812
8713
7890
2054
4671
8027
1682
5674
4690
6741
4877
6465
2666
4021
1078
6117
8091
662
2386
284
7503
8151
6098
4008
6155
3479
4357
8640
6020
4865
9509
1192
585
5451
8064
550
6828
3700
4943
240
5130
5644
3393
9515
2456
9285
1185
7417
7911
533
3022
6022
3146
8265
7894
9817
3749
6932
1852
6609
2994
4149
9432
1665
2485
4700
909
9533
4236
9654
7042
3321
2081
2598
5710
755
8535
4119
1476
3693
9550
9689
6228
290
3151
6052
8998
6089
4916
8455
796
7971
1097
9118
7773
5069
8077
14
697
6450
4392
1251
426
9500
9546
4866
7484
7968
2175
7124
9645
8775
390
4467
1723
9258
6523
4894
372
4189
3498
4793
6549
4925
4375
35
8309
2332
9987
8606
1145
4818
1126
5920
7159
1559
8902
2914
7076
8241
6076
6980
2934
5886
6628
5479
4644
6642
7021
7219
3943
6041
144
6844
8449
65
456
7486
6266
6437
648
8829
9
3026
8695
6997
4849
6752
4300
2706
3144
3959
1684
4208
6676
5470
9244
1419
3587
3471
1619
5162
4670
5472
6052
9343
4827
1374
1661
2047
9229
3450
3329
6091
9007
8414
7031
9651
8034
3052
9418
3378
9602
7340
1076
539
3559
7193
1223
1993
7339
5740
5502
8910
1755
2723
897
5097
7098
9812
5477
3452
5202
6619
7191
4568
9532
2417
7339
8008
9191
9282
4275
6901
5878
8575
6619
6725
6590
3595
794
4000
9573
2018
1681
7835
2329
8013
661
7440
3081
7459
471
5542
1780
251
7826
6223
2815
5698
2601
7094
8301
3798
2693
6830
4264
4051
3425
747
5121
1064
9728
2452
7398
7710
6448
6023
5497
9426
8372
9554
1947
1937
3690
7347
3611
3307
7914
4879
6890
1618
1900
2424
6751
3052
2450
4352
7746
2698
9608
6113
9611
6795
4357
460
9109
6755
2003
6882
3800
8081
9445
2826
6920
6105
3449
7461
823
3817
6633
5602
6096
5407
6144
2052
6287
7635
2685
3429
6726
1441
1613
1407
8471
6257
2403
603
5255
4486
2649
1897
4215
7777
7563
4392
677
7937
1514
1257
8534
971
8280
5748
9840
5645
9509
6549
1223
764
5142
6116
8735
1869
3594
4714
5164
3070
5825
9158
1301
8827
9018
4103
4671
4447
4885
2939
4075
9565
9807
4949
1006
2463
6397
571
9265
2656
7136
5042
7675
8104
7851
3277
7808
4361
1323
6374
270
1270
6589
8931
5882
92
7760
4797
2573
7530
7759
3113
6257
6794
6464
6404
3488
185
8787
5743
9408
8142
4477
9845
9227
45
6729
1354
8890
3384
626
1918
9876
4881
6947
3370
6587
9505
132
561
594
7555
1406
2954
5040
2802
3744
4317
759
8893
77
118
8896
2283
2203
9260
4997
8193
9078
4133
6456
714
1753
8156
1327
1340
7972
2819
9084
1624
6296
5571
6606
1128
1856
6343
1298
213
489
2192
3367
4316
4293
2641
3911
7156
7718
4498
4224
4096
5785
6580
7899
4593
6838
5850
9387
2773
9873
3812
8252
3128
9963
5813
6976
3083
9438
7242
5675
3967
9507
3285
8097
3435
8879
3886
5930
8249
2122
5693
2004
3573
5885
2570
8299
4354
381
3077
9677
5260
5604
7621
4244
6196
1080
9726
634
5999
3332
8480
1044
6040
7484
981
5062
2125
8909
8327
1988
4516
9424
6544
3122
1963
7188
8358
1807
3806
1085
3540
6234
6570
3381
6233
8448
537
5513
9448
7289
545
7829
8918
4421
8857
5191
6214
1373
4198
5298
2255
6756
9858
755
313
1049
6640
91
4496
7118
2901
9700
7607
1803
2591
4286
2336
6882
5336
7403
7929
7982
7627
2693
9725
3926
95
170
9280
4494
9282
8470
8257
6036
6989
2155
4610
3067
7948
369
8991
7213
3708
5758
4905
2976
6294
7053
4640
1345
982
1226
3838
7079
5279
6326
553
4345
6041
8370
7504
4083
2751
6653
7971
6783
775
1400
4619
1270
8069
1840
1888
1968
8811
386
6871
4372
7728
4182
2005
5980
7719
8062
6340
3173
7407
1156
8245
4906
7449
6787
8815
9360
7545
3064
192
9966
1280
8104
7578
7540
2960
7341
7700
9144
8559
8314
7467
6562
2185
4253
9538
7348
4889
9573
1434
6468
5598
4383
2387
6160
1252
9069
4274
6998
3859
9639
4356
2785
6639
6826
4622
4514
8770
8098
9805
6495
1509
3937
1357
9067
7279
9581
416
1002
1964
2118
4689
3900
7315
1336
7517
8057
7121
7394
3805
6737
8798
1545
3769
3115
1855
8788
6429
6626
9728
576
1435
1286
1294
5474
5125
9899
1214
6712
8550
3105
2754
9308
6467
9122
5062
8918
6335
4875
5684
5430
997
1021
3335
8886
2536
7685
5497
8513
6972
6684
3625
3194
9381
6839
1617
4435
3313
6310
4530
2279
7712
777
5529
1519
692
9175
9378
8860
8991
2211
9878
4440
8545
6799
8678
2174
6285
4290
9847
9892
1392
2119
3976
5207
4920
3970
4947
4488
9741
9324
8564
9044
5484
1376
8113
3919
9668
7097
8261
5504
1684
7016
8641
2574
6951
1197
4358
4746
2302
3580
3685
7982
7181
6486
9369
7486
248
217
4345
8826
7094
9460
5364
8928
8124
3820
6341
3603
5856
1797
767
4984
7632
3793
8411
8225
5010
1855
5681
6560
4705
3391
3046
864
4362
382
105
2273
6678
8787
9179
1815
3110
7930
9483
1517
3241
2385
8293
3682
536
2568
6638
1026
6288
6631
8139
8643
1150
3384
657
4628
4372
5120
8997
2060
470
7274
6199
8103
6074
5961
3332
2934
5808
6954
479
4319
7473
9615
8467
6667
87
8891
1730
9823
167
9577
1012
3350
4451
4385
5803
1262
9727
9864
8462
156
671
9078
9464
1311
9966
2843
1804
4409
280
6781
2934
6031
3806
1939
5819
6277
3352
9801
207
6952
2640
8564
4389
1287
2984
9342
3778
220
9436
6081
3566
8289
6595
4478
3171
3497
1178
9754
6589
6527
5051
7106
4536
7098
6483
6966
9865
8831
8446
8824
1301
2866
2808
8006
8768
4701
6250
3931
8127
2711
1513
9323
1524
613
6835
2062
1470
4619
3655
7154
1540
6157
4234
7799
2228
5346
4844
4102
9489
7728
9430
4635
5045
3109
8612
8302
1693
9490
6054
9521
9165
353
1427
8100
4833
6861
6855
9137
3000
7072
5185
2534
8443
6547
201
618
1366
6074
1209
1623
395
2052
6307
7497
2506
4077
5147
71
2595
5894
7246
1045
8186
5531
6924
8714
5331
6179
1760
438
8033
5691
991
6587
8498
210
1114
1170
5133
2826
6154
5652
1738
422
1309
9575
9612
4274
9649
7627
1707
2785
7314
9428
2328
8401
5009
4616
9739
1437
9054
8497
7566
6377
2829
366
3624
7246
481
1907
9159
6234
4668
5288
2572
9297
8580
4204
1789
2514
417
285
4541
5612
5128
5418
4306
6870
5935
9850
7188
4239
8684
6973
6907
6679
5321
5489
4567
5702
8261
4040
4912
1378
6394
1346
2499
8393
7449
5241
8546
6881
8139
478
342
2570
5669
8172
2978
7550
3791
468
6910
8168
7917
3740
8230
8506
8680
7072
9646
2812
3704
3975
427
2877
9150
5372
54
2023
6234
2501
5917
406
1283
4994
7830
5079
2949
7078
3833
5379
163
7345
5194
298
9660
9506
400
1992
1107
6515
32
7286
7228
3224
838
2046
1386
4508
9017
7187
1098
6904
7647
8218
5701
6947
1997
8154
3571
8672
8917
6745
8834
8346
8362
2623
4104
2075
9673
9636
5732
7540
5738
8881
7747
251
1055
3679
4769
9515
1181
8689
3615
9405
9390
4926
476
7583
8618
7504
4310
9151
3157
4711
2343
3751
114
9579
4746
2406
8862
2072
2891
5145
401
2866
4357
4645
8219
8586
3138
6878
8521
6241
8334
7865
6206
2959
8681
30
7989
7723
5901
9872
4419
6347
6079
662
1163
79
6598
2935
3402
6768
3394
803
9884
6446
9299
8728
2872
9499
8944
9120
6918
3198
2831
8169
6638
4999
659
3876
6790
9771
7758
6773
7438
5438
7106
3582
4645
6234
2335
1145
9327
3975
2561
8328
5634
8364
1679
2632
1959
3415
7389
9705
7966
5500
6374
9524
206
5793
858
6252
7390
5499
4492
6995
5807
2460
5874
2862
291
3911
2787
1048
9113
1311
7043
3756
2669
7526
9336
7478
2277
7006
9469
2748
1888
2051
6038
6921
3074
3120
8940
7369
4313
2196
6836
6209
8773
700
8800
1495
2209
7477
2651
6732
8361
8761
3835
1070
9929
25
5753
7013
4791
2635
3259
1623
5915
8898
1099
5454
2386
3001
3689
2015
9271
5881
1428
9889
3489
6026
5546
6412
7374
9829
3680
2079
4828
3427
3221
9512
9392
3294
3840
6647
2840
8608
4197
8372
2158
3222
9539
6761
9367
1584
6076
1171
6162
1341
1822
4081
9021
8777
6774
3717
8258
3887
9294
4631
6257
4023
5994
1204
2122
1565
7020
2608
2274
43
3448
5928
5663
2125
8312
4673
2599
5866
5713
3339
2154
782
4090
8268
5394
2814
4730
2967
7151
8724
2359
186
1043
6525
522
8107
2895
5645
5559
8438
8243
1667
6328
362
2907
6722
8094
8070
3311
2786
7768
7181
249
7407
3703
8001
3259
5017
740
2956
9273
5970
7168
4674
1436
1789
3426
6509
4833
615
9466
5040
5120
3375
3924
9676
4277
4271
903
4598
924
6028
5835
4452
636
9277
4750
3523
3860
2589
3976
9953
3553
4796
9832
9152
9335
8015
1221
7729
7315
4395
5857
9582
3714
8904
271
5170
6816
1042
4672
5182
2071
1881
4974
5335
8932
6901
8267
3000
6353
3871
7309
4912
8344
3868
5390
5987
533
3578
7002
9571
6725
9807
3149
6123
2999
8704
6891
4537
1970
6163
2400
9946
4635
6721
1214
2506
4275
9198
3210
3333
7606
1580
5535
7516
4817
7475
2400
1153
904
5849
1493
3653
6741
8522
7688
9485
5971
62
4574
6921
5229
7328
9208
2510
822
7170
4024
5763
2462
2573
6139
9334
2112
6787
4388
5208
2558
1857
2000
9158
2202
5530
4387
4255
7849
1623
9240
193
2794
7102
4176
4432
3522
9919
2365
9163
2564
3537
7221
8427
5064
9327
4822
5560
9098
2718
6852
8439
156
8556
3705
9049
2971
6924
1503
1838
1324
3321
7761
7419
8207
607
4948
852
5771
7660
2243
4407
3150
3013
8754
2373
2435
6695
3775
8857
6299
3798
144
4990
7814
7388
5103
5825
552
4216
5063
9666
9167
3413
9344
77
9239
5052
8869
1277
7294
3001
4697
7073
873
8562
4462
1416
3888
2851
9407
3023
6313
4991
3131
3026
8181
518
7051
3112
4621
1824
9613
3054
9001
5473
1806
5772
2450
8100
2842
8171
3280
5608
9387
5244
9208
5757
6099
1885
7680
281
1980
9178
3519
2618
1293
9812
1080
2921
3596
6939
4000
1323
8955
7499
607
7759
5532
473
1215
2787
1122
3781
4371
4558
4449
3454
8419
5515
3867
6361
5001
3205
7582
122
3979
1395
8541
5356
2807
3013
9372
5864
9044
5544
173
2010
3569
4766
8113
3308
4961
8995
480
1696
8676
3559
826
2137
1316
407
9824
8414
8273
4965
99
892
4474
7018
9093
5106
9072
2552
1830
9422
9538
2275
9248
6981
4680
6848
8675
8100
483
8958
5181
5459
9375
1369
1159
148
9975
2922
3627
3313
1976
2221
4446
3496
465
4877
4297
1807
8269
3824
317
9199
5362
8622
9167
9733
6865
6647
9213
7577
8636
5146
9789
435
3684
2433
150
3381
7401
3762
6028
7821
2540
3753
5990
8178
154
3375
9019
3260
498
7176
6681
699
7259
4689
3352
7659
4783
705
4813
7166
7923
494
5162
5728
5791
9490
2841
8004
5985
4116
399
9707
2200
796
8321
2845
9557
5095
1997
1096
8581
2499
6115
3367
471
8906
2757
2239
4219
8259
3724
5334
6161
1410
9234
9312
3937
6144
2742
8827
5833
9533
8982
7290
1049
1365
3064
7869
9263
1504
7669
1300
8283
4386
1190
2864
419
1378
3477
417
10
7685
5230
202
9078
6013
2101
7572
8068
9838
9043
8706
1171
71
2607
5384
2258
3333
1743
2042
8573
8209
4783
7201
8932
2948
2547
6478
3313
8326
304
9356
4026
7349
2883
1599
6399
4640
5213
3419
7464
1635
9724
9268
4897
1743
8568
9935
7987
9041
1277
802
5836
5736
3296
8503
5112
7729
3911
2841
9005
9311
7008
6286
5017
8676
1859
6220
3268
6928
326
1256
4698
8115
2185
935
663
244
4604
9090
3404
4133
3978
7472
2234
4900
6010
9481
5146
8792
1590
3963
8323
3316
2354
68
9925
388
1501
5436
1793
389
7910
3758
6500
1440
6366
4136
9285
7858
9446
9918
3946
8532
3895
5997
164
9667
3742
4519
8871
4578
947
8000
2125
3996
1293
3977
9601
5505
5644
4879
4812
8396
3982
8972
734
868
475
7006
2266
2346
9447
1173
4484
9175
3313
1988
159
9570
840
205
8747
400
7292
4724
3538
23
3854
7554
5578
8039
7853
3963
4983
4442
2223
6226
2085
9592
3631
3308
6864
2554
1294
8551
6713
1232
4472
5402
490
3732
2554
6120
5445
764
2411
4893
6775
1324
3418
5255
3084
5545
1940
5138
4275
2068
2300
898
241
9937
5092
3112
2690
6083
2442
4473
9261
2662
3764
9436
9741
292
3139
5286
6673
8155
1352
348
8320
3209
2872
8941
1097
4682
2789
8372
4125
8905
3515
1612
5430
6764
4081
3094
8056
260
8380
2851
9341
7448
9538
4027
9419
4923
8047
6149
1675
4701
8553
7917
3764
347
2239
3923
6747
9330
2397
7348
2324
7936
6549
1580
1399
3669
6050
1215
423
5612
2751
7247
4384
771
1589
1212
2708
9021
8481
2564
7125
9841
4635
9288
1447
4887
4793
6859
9009
9168
9736
7850
2591
5115
9169
5002
1920
5252
8016
4494
5795
5141
4297
2070
3467
3168
562
7806
8593
8676
4091
3448
9099
943
2683
2103
7655
8182
6276
3180
6184
7180
1201
848
1917
4530
7799
3020
4375
8522
2424
2623
8670
9912
7818
4133
18
4338
5993
1603
8645
4177
2841
8153
757
9014
1811
4384
3904
3329
7536
7900
3902
3250
4912
2224
3549
2032
774
7996
3208
5496
125
2321
1439
8908
4634
370
2428
3812
8516
5981
68
6471
4407
6580
7645
4191
5847
6498
1737
7154
9614
5687
3791
5330
6535
3109
2779
9349
8949
1532
9035
7759
4619
6712
2004
2266
6108
5996
6685
1044
2324
6564
8175
8155
415
2258
8554
9019
3951
7015
1891
2723
8415
3559
9848
322
8048
7049
5126
6917
7429
3137
2589
546
6307
1915
2354
8799
4765
330
9145
2422
5124
29
5589
8943
3564
413
3103
6225
9617
7199
2722
4149
7094
7586
583
2440
612
1606
907
2094
118
8343
3753
828
721
8341
4422
27
690
3302
7852
9449
4056
1727
3794
8379
4255
8923
3196
9139
3685
2211
1516
5423
9378
3582
4006
6108
4077
4108
3511
6868
6156
7468
3743
176
3356
4217
4253
3774
9410
961
5086
8145
8559
5755
9200
5896
3751
7869
7026
1600
4893
4361
2119
676
369
1902
7400
6360
7589
2323
1635
3831
3980
2228
7303
5449
9939
7855
206
5633
8672
4664
320
4733
7602
1268
66
5601
3046
5589
1353
1331
8374
6505
7509
2697
6932
6759
2
7161
2276
9712
4795
2161
8850
4605
3793
9938
5814
5676
6755
4807
2615
3348
3538
7362
9805
432
1417
7791
7177
9538
4180
7068
6428
248
9363
4841
1695
1401
7682
8817
9617
3296
587
6002
4560
7642
8841
2033
6369
8984
433
131
123
9155
9881
7201
5639
6051
5145
2592
1464
6073
5531
3841
2153
5049
6760
4309
757
8782
8550
5450
8596
7849
7166
2684
9896
5009
1087
6925
9793
3782
4806
1628
8633
7728
6480
7471
5410
1282
122
5873
4225
8115
5165
6626
2231
7399
4697
9295
6644
1303
9813
7054
9459
4218
9441
1777
4866
6529
6759
3111
1353
8157
4701
7069
3423
9733
8407
205
7606
7988
3774
3835
7122
2614
9578
2089
9134
5606
8461
5197
6785
5619
9449
543
2860
3912
5223
5767
7819
8377
3458
9936
7311
9001
355
5404
1045
2055
6798
2468
2639
5986
7242
4913
7743
2771
5273
7369
5611
4249
2721
6508
2507
7026
3072
4069
4937
7170
188
6168
4469
9888
4382
1089
3048
7422
7728
7248
8679
8636
6566
1748
7420
9643
9087
8137
2612
6574
1297
5190
3850
7647
3146
8805
8832
8044
8845
3233
6423
3550
3444
143
3066
1265
95
4095
4778
1391
7542
5622
1723
1455
4251
5540
1693
672
6500
9904
1275
8760
174
1432
4272
9299
5699
9802
2199
3221
6982
5590
2163
9895
4504
8144
708
972
6562
5774
5737
3832
2925
4638
6984
443
2175
4272
2254
4418
8926
1406
3860
1401
4897
8705
4045
4383
1171
306
379
7616
1595
9522
4649
3254
8666
7877
3682
5344
3265
4736
3928
8713
9378
165
8476
6964
6258
1779
8118
2670
9921
9312
2122
5358
8076
8275
2271
5853
9275
1235
9356
6830
3104
4085
7712
9172
3602
5487
8800
9483
6343
7860
4718
19
7970
187
8445
3736
7303
4188
9969
828
1584
6127
8546
8122
9658
4867
5098
2592
6351
4932
6041
9107
5653
7108
1188
7818
904
9647
8520
6154
876
4216
6174
2732
1025
8839
9510
3875
8338
3230
2250
4278
9306
7397
8395
1111
7975
2240
1875
6301
4177
8725
5822
7262
5263
3023
6343
9630
7688
2209
6554
6845
7923
7679
1313
1838
5419
9391
1962
37
4299
3771
6348
5380
9011
5530
6324
5610
7811
5409
1266
4011
9954
3858
9747
4445
8430
4079
4606
2662
4095
5190
4097
8207
1919
2165
1397
5589
3412
4245
9334
9049
5488
2691
249
6930
9432
9457
3306
6337
6166
8201
5756
3111
2189
4905
9702
6900
8536
5546
5330
5978
1815
977
9200
1115
4608
2141
6841
4400
9957
8190
5055
1949
8586
3301
6086
8387
2611
3002
3109
989
3348
9333
6465
8326
7768
5853
4220
6535
1442
2734
3873
5347
4105
9860
8262
2584
8523
9383
1967
8303
9836
1975
691
8764
3826
4435
5555
1012
5546
6773
145
229
3404
4738
638
2628
9516
8667
5059
7543
1121
3173
1755
2820
3159
2681
3885
42
6574
2179
1678
6494
185
699
5338
8296
9247
6408
1158
3754
671
9696
7135
6855
3988
2785
5300
7285
9716
5289
3996
2198
7544
4322
8368
9589
8671
7073
8178
7855
916
6646
3065
4371
1497
9658
574
2977
4848
9976
8322
913
947
5166
9952
3767
2574
9968
3223
6046
1272
9046
7089
2054
4787
5045
5267
142
799
2475
3173
5049
7794
7650
5082
1664
6251
6891
7587
1953
5948
4378
6195
95
9178
8903
8081
1838
1718
1551
6994
1695
8532
3178
8825
4220
619
5006
8068
3334
2680
4155
1741
7523
4469
8392
945
2209
930
6065
869
4751
9460
3597
4822
2577
2456
8479
225
9314
6462
4844
6958
145
6212
2249
8673
9244
471
2941
1358
9057
3403
4608
916
5987
901
4943
2805
8135
3692
5672
7608
5358
4217
2365
3556
4046
9213
1855
59
6664
3167
4162
1265
4684
1974
7026
5604
5233
5915
7243
8903
7393
3619
9618
6220
4865
1664
2415
3183
8627
5597
8939
3760
1279
4470
4616
8719
3010
5910
1123
3113
2835
9735
7397
7472
1726
777
5722
8979
9964
6137
6241
1880
718
601
5020
5053
4138
8899
4239
177
1556
5139
4000
29
9753
3986
7257
3046
2283
4007
255
2465
8173
8744
8661
1628
1833
6709
594
171
4308
4015
6856
9345
5520
4798
7077
1533
7433
9501
7294
5282
8067
6820
8159
737
7880
3257
9652
1634
905
8950
1012
7955
757
7412
3295
3113
7477
6578
4053
1413
9597
9036
9517
4032
9887
1946
3004
9575
774
2821
2505
1335
7801
1783
6483
75
4244
6819
5844
6755
9316
3807
9693
4181
5241
3878
1510
4623
8398
204
5542
4058
4163
1907
2394
1035
3759
9421
2644
8361
7645
6940
6739
5246
5694
2341
9734
8225
1151
9050
8116
7402
6078
4904
8937
1465
5573
2291
1912
3334
8186
4334
6085
2924
8302
4478
6388
7585
5946
5238
9465
2919
5298
5900
5089
6210
8402
4931
5370
6900
316
5153
1349
447
1137
3228
8922
9831
6572
5407
9065
6972
2481
3997
4624
2315
4461
4383
1029
2571
5236
5325
6295
2889
3101
5392
5729
2477
3615
5698
5487
6931
5929
3578
6408
9477
1818
7219
462
4774
8914
3316
297
2164
4321
4368
2017
8102
7427
8756
7469
9241
5185
3774
9956
2782
5945
7843
7106
3324
3341
4823
8338
5836
8156
9318
9188
7067
290
9879
6289
1622
1101
6331
6402
9501
5030
5732
5028
8157
8004
5027
5981
2666
4947
6930
3970
4886
1177
7919
6155
2244
9447
6263
6884
8111
4182
4751
2163
9927
1591
7765
3515
8715
5944
9014
7675
4191
6093
9981
1812
9878
1172
4149
2483
8104
1793
4863
4128
6645
5089
5566
1364
3159
2473
695
268
411
5076
670
8192
1557
2617
5914
8822
2826
3647
595
9763
2689
5380
3858
4751
9914
9560
1203
9484
6193
5003
5585
975
9927
3132
8341
8469
1373
9193
3418
5372
6818
1039
9759
7055
3351
1823
7995
9588
7412
2296
9735
7903
8010
7197
6380
1530
6365
3203
971
6363
5360
871
7837
7867
3996
327
5930
125
1947
781
9335
8524
4618
2447
6692
6134
8887
3863
9352
7427
6489
338
9295
7320
8143
2558
6128
7180
7105
100
9454
2727
3542
7866
2988
1912
7473
4165
9237
6539
3774
2152
5354
6867
1844
7452
7249
4478
1343
3049
8784
7857
1625
7050
7340
7239
2943
6460
6764
6656
1023
8136
385
650
1458
781
2339
1400
7477
3906
2130
4342
7901
5305
5034
6761
9670
6841
5769
90
593
3812
2551
1104
1257
790
7680
7180
3152
5807
729
4206
4148
3832
7525
8191
3378
2491
2664
7786
4324
9850
2929
6963
5752
4352
3138
8594
6688
5372
9246
5274
8414
7148
2359
4403
1738
2285
8241
4788
9676
5660
2694
5507
2469
6081
8006
9549
8961
8997
1060
3019
4762
1544
3390
7575
8664
3245
4401
151
5394
4752
9923
4077
5368
7019
9747
8750
4784
1345
7486
3979
6462
5972
8475
7534
7605
2255
9688
3931
7451
5648
1988
7783
14
4611
6669
7199
6302
6343
3548
8105
5262
8
4269
5930
6646
6054
977
3158
2186
5839
163
3121
7582
3188
6879
6605
806
9985
7982
156
7038
7582
6970
4916
2655
2603
7234
3195
1697
1941
5085
1836
7687
5003
6272
4008
4810
8028
5821
7191
446
3071
4899
8817
5775
5614
5783
1672
2141
8307
2830
2577
1507
6834
7633
115
2686
5623
8710
6970
7286
3848
7585
6297
7165
2114
9266
8175
9751
564
7702
4998
1339
5476
6979
3871
3764
807
6537
6242
9745
4765
7938
5369
5962
6316
3022
1107
2880
6249
9195
6516
4765
6086
7975
9558
4059
8543
9723
7650
8847
205
7411
1963
3796
8898
8287
1622
765
3466
1212
9288
5514
8812
3384
852
2504
829
9535
7084
5053
5232
3698
5162
8922
7563
6830
1059
7764
1453
8069
6535
3067
1901
4718
3325
3113
785
2130
254
8121
9450
5981
5189
1785
6323
915
6786
7064
50
9242
8897
8859
419
4261
774
4833
4086
9246
1953
1850
4326
8204
7267
8800
6541
6164
8075
132
7142
3593
9834
6716
2732
9177
2406
5833
4985
1916
5203
2995
5086
1773
4456
8075
2201
8904
6208
1384
4055
344
2477
9039
9064
2412
7038
6563
6386
9574
7383
5825
3655
2056
7290
483
142
2796
363
1929
6754
1316
9536
9764
3550
5909
2097
7971
4791
1043
919
6017
4886
9827
8242
6790
7256
6043
6301
3851
2815
8073
9765
5551
2639
7631
4692
7319
5688
6070
7955
7797
6043
1318
9517
7416
2912
794
1772
3921
5020
2547
8388
3310
964
4454
2769
5867
3022
9668
2135
6384
1280
8103
518
6517
8574
4755
6028
6738
4654
5681
8645
9153
703
4251
279
462
3932
3507
509
2072
811
1422
5750
4562
2090
900
8271
521
7626
7089
2015
9338
4543
8393
5626
1792
8090
8680
1839
6531
6801
5472
3257
4638
6952
6481
5802
2599
3653
4936
9381
7411
4417
1820
7796
2960
6942
1089
8938
89
5445
1584
7683
5495
4467
9829
8873
6333
6181
5962
8255
1509
9220
6614
7033
4947
3327
7979
4447
4840
3067
4776
5261
4296
3580
5269
1664
1085
6566
9216
6050
3138
5058
9418
35
6666
2486
5749
4275
2711
2980
6649
6609
7369
9073
2802
4640
9484
6634
9005
1718
3535
1923
3142
8965
2379
5682
5814
8437
3238
5248
3891
8788
4599
2112
9570
3004
1734
4594
9809
1777
1158
795
7589
7202
5013
8852
4117
3785
8517
6315
2336
8624
8187
9511
6777
4595
4005
42
2904
7468
1394
5418
2094
1571
863
9698
7898
9508
3271
356
3797
6366
5384
2652
1663
7873
5884
5398
6450
9564
5069
8830
2014
1582
5317
6198
4433
3006
5117
7426
7592
1397
1450
1674
6943
9480
5727
5502
396
3659
4272
2857
2144
9165
3895
9424
1126
8127
4307
3916
4201
8670
4500
1165
6855
3863
2047
635
6740
8809
9895
8254
257
8645
1142
2550
6914
5750
724
4601
3383
9135
3914
641
5416
2181
3007
1469
5220
1305
9099
4176
4027
2840
1580
7989
6334
8267
3024
1352
2983
2082
3658
7691
5798
6407
9701
1413
2528
1014
4034
2934
6411
8702
9439
2180
3408
1835
6324
8181
9548
638
604
1051
6077
4514
1854
7742
6751
3244
8721
7823
6944
7422
5892
897
5679
8680
7318
500
9069
3771
2101
260
2754
7220
1906
74
347
289
8777
2586
5327
9870
2827
1512
6553
4472
8893
1270
9038
4603
9288
7871
6109
6964
9272
8956
3839
3104
8837
6641
8941
8088
7456
3239
3791
5695
8141
6787
5118
553
5694
2681
3543
7520
6192
7757
9855
6569
9526
9152
1699
3338
8896
4271
4867
8834
2676
3409
1484
6361
4141
217
4949
3539
3625
6112
2482
4122
409
5179
1578
7685
3983
3689
3873
116
5559
3515
1820
525
3858
8016
3457
7743
1668
9756
3226
8215
9753
6123
3295
1533
5864
8935
7822
8301
6477
584
3420
6135
9318
4819
1538
360
8163
5653
1297
3462
8222
2604
4060
9501
5282
6429
4204
9793
1519
9729
7350
8004
820
7877
206
8288
8804
9873
7389
4936
2332
5450
6192
8487
3362
4379
3333
4777
8275
6376
5571
3943
1859
5859
582
5881
1371
1812
5103
361
6096
4069
4573
4975
3352
3979
3816
8696
9459
5427
8059
9895
7495
3236
219
7079
606
736
980
5380
4280
7311
2888
9930
4496
1847
3406
7613
792
392
6607
5611
6483
2010
9151
996
2923
8914
129
8816
7661
7290
6474
6883
9851
5162
8218
9243
7063
7756
7953
1879
8664
8778
9104
6097
4787
8999
8595
1702
6979
5779
5426
5952
352
4425
4427
6835
3894
1383
6909
2404
6174
859
3541
1832
9132
343
5557
7895
3117
3892
4038
9933
3183
701
1116
4278
2774
5100
5217
4962
3877
9237
8822
9579
9118
2986
3449
7849
8890
5360
6669
4213
9526
7218
2845
2713
2259
5483
7852
4240
9404
7419
9467
2512
3074
1487
4318
9270
7160
9972
71
9685
158
8881
5281
8424
8167
282
5873
3041
9667
9808
9885
7821
3830
2845
686
9386
2531
2136
6479
4016
2783
4329
2565
5420
7312
8137
3182
4181
2194
4821
5618
4585
7890
9676
3781
3771
2434
9441
2315
2443
6546
4725
2153
4976
9765
6302
1533
5484
3620
9051
8972
7664
2605
7156
2218
3012
8817
1365
7855
1978
2620
6855
6518
1470
7190
4961
260
7062
3103
6636
2710
135
7994
3008
7315
4600
4508
2722
9088
2757
3501
752
7988
9023
5345
7033
6840
804
8496
7218
5042
3899
282
7334
3041
2587
5921
2268
1758
1583
2140
3284
8507
5490
7288
7563
5264
9440
9966
8793
4590
9356
6263
2860
1115
8979
6938
9510
5833
4408
9088
3983
4668
8532
9304
1751
6853
3236
8043
9183
2752
2527
2611
6188
6848
2318
2176
4973
4471
2561
9156
8391
6349
5794
9571
8143
5567
1061
316
4745
11
2661
3747
1932
235
6648
613
5006
3097
6490
708
8205
9278
9227
3854
1
2594
1053
3665
9573
7109
2840
3150
3489
7890
8212
7411
5998
114
9054
8182
2244
9443
4792
565
9220
9925
3020
5131
2129
1291
9344
9508
3550
9011
4568
9319
6768
4387
3909
9110
357
9700
6525
5352
924
7942
1169
3450
7223
9086
5868
9536
8791
9943
8390
4760
4306
4167
9695
3865
5795
1020
845
3125
282
5865
9543
3637
1861
619
2219
7409
3405
6845
4175
7437
9941
5330
7121
6160
7264
6997
8773
5348
156
55
9015
8896
1150
5238
3818
1870
6532
4865
2490
4554
2851
6405
1704
3420
320
619
3351
3366
6641
7719
8727
5282
2196
191
4206
5259
2288
3896
8920
5861
754
7855
6199
4792
3203
1861
3601
1895
9444
2092
904
4135
5088
8631
523
6769
3953
7472
161
8249
733
5207
3339
5420
6190
384
2217
8888
611
5511
2756
207
7736
8456
922
613
8545
9238
6996
7697
8021
4085
5411
405
7762
1039
3955
903
6150
4874
6123
1476
7490
6984
892
9593
8730
1969
4626
1756
3741
5050
8668
2894
9117
7363
8437
6300
9619
4834
3541
3019
4645
2042
967
6488
1312
9600
3573
1443
6063
3299
1211
3448
4141
9785
5560
7209
3373
4296
4825
8706
4091
8535
6416
8730
7274
6813
8908
434
3728
8318
9640
5507
5018
1215
2298
3925
552
9671
4441
2233
7079
9817
7016
6100
1439
5524
4267
6423
6029
9520
3290
779
6069
8551
2472
700
7681
9670
2795
5532
9534
5877
4565
6302
3072
2464
733
322
2192
8602
7837
107
1488
358
6057
685
3449
8143
1079
1719
5736
7891
3247
328
8838
2138
9213
9789
6623
7406
5543
6093
4377
3168
8676
1256
1825
2067
1946
188
1852
9078
3299
858
4625
7702
2431
7360
5292
2460
6005
5388
5511
5769
1046
4341
4786
4958
4464
7900
5450
301
1945
5008
7095
709
3250
5112
3872
6437
9212
3048
8124
4342
71
6959
6654
2064
3374
8959
1219
2411
3858
5493
9757
7619
6073
2665
2389
5007
1618
1706
416
1910
3664
4819
7060
2084
9033
8269
1030
5911
9780
701
6591
8951
8605
141
3562
8200
9367
5826
4167
775
2595
6480
8611
9426
3101
7876
3960
4343
4528
2736
4698
8346
1257
6366
7078
7191
1681
7214
3757
6303
4944
813
9380
2425
1639
4675
2478
7376
6659
9859
5692
8509
7013
4974
7867
5870
10000
3503
3408
9966
334
8432
7917
7831
857
2910
4492
8580
5327
9757
6290
4513
9635
4199
3175
4898
7044
30
7835
1563
1209
2593
834
7877
1601
3911
925
1883
5073
8814
9611
4709
9250
7110
138
4113
4634
9957
4067
7255
98
9694
3048
420
9943
2748
4745
1686
9659
9772
1317
720
3441
217
5444
7657
9609
9969
5464
5658
3951
2149
1056
3524
7891
1823
128
6591
7284
3317
817
82
5741
4201
564
535
2135
2859
7548
1811
71
3742
993
7854
8034
3308
9295
2920
9443
771
1650
2475
4193
9378
9651
1476
912
9550
9681
9829
1757
6249
142
1163
9888
6848
2643
9565
1011
1149
1305
4906
3797
2774
4270
1919
3799
6184
1737
7907
129
1424
698
4406
64
6653
7515
2189
7305
7488
8783
5787
2226
674
321
600
1766
2015
6200
3042
8627
1008
1106
299
3994
7237
2635
3890
910
5798
1598
8398
7609
1993
7367
9434
2053
4847
3118
5199
2200
2329
5206
575
7014
2342
1061
188
2229
1036
6422
9020
9434
2699
8716
2554
8741
9970
7461
3577
19
1068
5551
3487
3325
2723
5539
5699
335
2352
5663
168
604
4141
5089
5086
7284
7161
9840
8317
6092
539
363
9896
8953
9773
1983
8933
7595
9052
5200
5472
4462
8165
8990
8466
1812
4445
7368
9041
1343
4399
3998
7597
5681
9066
4919
2466
3964
5275
8947
676
9947
1481
4962
9476
3406
8322
1478
9609
1304
7722
6851
789
2253
9439
4587
6952
5675
7431
5502
1831
2285
3982
1819
4739
3007
9786
5781
8788
8498
6716
6376
4324
9920
9681
5351
7796
749
9765
4977
3949
8384
6713
2722
6722
8805
5818
5882
8314
8082
8842
222
4789
9285
1838
1158
2518
7346
4097
7036
9095
5662
7939
8915
7176
4320
8946
8471
2313
2937
1368
5511
5089
3767
6259
3832
2044
1260
749
1341
6447
1654
2235
4928
7126
2237
7604
4730
6994
8897
2969
5826
9182
9375
3583
8014
3723
244
2770
9916
3768
9074
5187
2730
224
161
2529
6533
8314
853
4728
7434
9251
5337
5575
1144
7972
7603
6
7297
3139
900
755
558
9468
9443
3843
4842
7841
3027
4055
1410
5514
32
8688
5794
6860
362
1313
1750
2631
1214
2501
1380
6542
6769
5492
8463
8519
2834
8342
3245
4863
8086
8741
9019
1494
5441
1512
2269
8029
3926
7706
7989
266
4092
2657
9358
3806
4485
5668
2275
7984
5107
9333
9561
4749
9839
8866
2236
3760
1628
8543
732
9148
939
2778
297
6189
3677
5442
5772
7356
3475
2161
5414
1408
1365
8853
9571
1583
7146
2825
2436
1647
4969
9468
788
2703
3178
7306
6524
728
2438
5942
244
2619
2659
2262
6249
5064
2738
2973
7780
3051
2213
1517
2932
6597
9115
3085
5949
9977
8553
2772
6138
2667
9210
5960
8023
7828
2278
8576
2838
7357
5931
1726
1672
6650
789
4027
8155
3756
9204
4967
594
9900
2157
3681
4186
7402
2773
8339
5940
6803
8803
2547
3671
3120
3596
7717
5294
7260
7160
3634
2851
357
6999
120
4702
445
7041
3416
7721
5300
3342
2256
8749
6135
5603
4378
4864
8797
1453
4623
4396
1126
7338
6939
6898
2364
4357
6638
8348
2666
8692
448
9218
7198
7361
6904
6274
4422
2439
4886
5102
2962
3697
1407
309
5638
6025
8480
4583
4394
8182
2597
522
8418
4796
4229
4946
1527
2002
6266
119
9578
9489
7374
5493
4424
4007
6934
6187
5491
7055
3313
9737
3504
5460
3969
9337
6403
9450
800
766
2359
5515
8561
4581
753
691
9986
904
5588
6383
3947
2764
8366
5946
2848
356
1249
4184
2505
5430
4775
8049
9614
5751
1959
6339
6309
831
2047
8126
6364
2559
8114
6039
888
6808
5107
7510
3292
717
5835
8811
5190
9820
8914
7857
2919
4999
498
165
4556
6590
5635
9218
1962
5274
6427
6833
1242
7368
7632
4744
6976
5632
5039
3524
4188
6820
4867
3493
2936
6886
3678
6688
4811
7310
3268
5531
4456
5408
6018
2356
6956
7289
6848
7186
2288
250
4804
4465
4894
7574
6235
7607
8173
7465
4632
7629
9977
5688
6263
7627
2389
2196
8417
9776
6864
9170
1575
2992
7144
8807
9607
7889
3878
2617
9505
9490
1433
6021
1648
7266
2787
7403
3819
8703
2116
3582
6953
73
2640
2619
2543
913
140
7383
2023
3902
3307
3576
8816
9840
7568
4685
8794
9244
7969
2874
9913
542
6603
8922
6280
5904
8625
5216
5043
4345
3711
6820
7910
4484
7037
5253
4603
223
9401
1487
6380
7822
28
3385
5289
4812
9926
9958
6788
287
4851
6848
954
9450
7846
9883
715
8318
6139
7239
5322
531
7340
7594
5094
9113
1064
3263
7025
7219
6317
2942
6439
2480
7253
319
2631
1471
4331
6381
6284
4692
579
4652
8723
9914
4664
7956
7227
5553
2311
9965
5881
9772
632
62
3814
9401
9613
1831
8747
1028
3505
9922
8957
8093
1835
7395
1211
9455
4811
9676
6887
4266
548
6095
4484
716
3292
3742
3804
490
8404
3872
160
9912
6262
9427
638
5988
2077
8870
62
5490
4585
9915
941
7969
2554
1624
2977
6849
2417
8627
2070
7152
7757
1159
7135
3572
2164
2948
933
2793
4768
5810
9427
8794
2462
8237
7251
956
1716
5617
7192
9448
7090
9743
4566
6028
7705
3359
9784
9872
3074
6742
2654
1871
9381
7969
6760
5091
4829
6116
4633
2019
1099
5302
6513
5039
4545
6266
5945
7929
4747
534
6752
197
2924
6482
6098
9673
2083
2831
4227
1098
1420
4140
4909
3179
2698
9690
4514
9207
5061
8377
7909
1180
9834
6113
239
1521
3948
3726
3700
164
1255
1951
1995
8218
7487
3021
6444
2484
333
6118
5955
3129
9137
6797
3958
2244
2223
1032
8506
4766
602
9313
7157
3556
1975
9158
9648
3532
4439
8856
9378
3082
9951
904
4289
1421
71
7795
4338
6632
8225
7593
7892
4281
2062
8001
5186
9291
6857
4309
580
9996
9536
481
3383
3890
1050
2352
6067
919
1489
5106
1634
3714
6485
3712
5592
5743
4260
706
8571
9061
3691
5228
9782
1959
4689
5373
4823
6157
3739
8560
8354
8616
7419
9506
3154
8284
3153
5381
1625
6287
8858
3634
7848
871
1195
6591
6245
6746
3960
2451
6127
1221
593
9902
3516
1781
4359
4846
5302
9087
2901
3769
6919
215
9456
905
8836
409
8135
1251
1374
4586
2073
9673
6126
7723
5026
3578
1032
6141
854
9816
4609
3501
4840
986
6280
1562
795
273
6219
1960
909
8728
5305
8626
1194
1667
1728
5728
7181
2962
5880
7563
4662
9
2732
4206
6246
691
3076
4172
3102
6088
6205
8405
3661
68
4701
3754
2498
2676
2387
5952
5328
3213
5727
7552
9388
8668
9996
8292
927
8164
9963
9688
6123
739
5547
1115
1855
3560
5585
2613
5441
5016
7238
1626
9295
8460
3475
5129
3116
2999
3812
8336
1016
9601
461
7386
3583
3418
3167
2339
5729
7967
4983
41
8791
1331
5908
4676
6640
7213
7401
4300
3386
298
7385
1423
4914
1139
6473
2059
4086
4050
3003
2174
2130
1665
6919
6913
4017
4341
6484
6849
6933
3123
2428
8570
3473
2338
1259
3863
4883
7513
1321
8718
9354
7731
2342
7788
254
9139
3163
4693
5532
9208
8074
4776
9727
4635
3550
5957
636
9813
1628
5201
9386
4117
314
7727
3402
2671
4958
407
8906
154
3340
4297
4417
469
7824
6804
8946
9575
7284
8237
664
2730
1362
4452
3019
3434
8642
270
4626
1941
4260
6444
7061
6955
6287
1035
9269
711
5921
3674
5693
2070
9346
112
7706
6148
7709
7585
3645
4946
6725
153
9030
8264
9501
8553
7186
3958
218
9254
552
3390
5343
5838
886
9954
460
9433
7676
7533
7934
4558
1312
8720
5489
2494
8629
140
6635
551
9226
6826
2787
5414
9804
2850
4143
3807
5839
1037
4141
3378
7608
698
1851
275
5097
2836
6169
7905
7576
5826
25
330
3799
5669
2357
2687
9131
4355
8064
668
8526
2732
8413
4530
6489
8537
9295
5420
6842
9682
7945
644
1709
5051
2692
8758
2077
3480
1669
5431
7837
8883
4999
3699
6565
2014
5182
5028
3474
9445
7378
2110
553
9278
6870
64
1543
4249
7478
3310
8006
3817
1657
935
304
3395
4524
129
2673
7870
7303
5956
2560
7250
6852
5158
2687
7435
4577
1983
2353
7827
6495
1208
2547
5648
6716
4075
654
2324
3527
3596
9364
5270
9495
3804
9900
9320
1614
1666
9286
3265
1031
6981
6759
4089
3371
3978
2073
2391
6193
286
708
8328
7271
6507
6603
8929
5119
9044
4439
4974
6502
3984
9893
4508
7888
8858
2347
528
8948
1140
3408
8145
4976
1938
4461
4632
2793
4351
1056
9972
5438
3311
3528
1023
6100
5491
6908
6551
5891
6555
7059
3784
6451
651
6841
4344
3190
5717
1723
1369
4121
4924
4088
134
7132
5194
1602
8870
4540
3034
5410
8471
9400
9360
6241
8888
4916
2912
413
3268
7339
7696
24
4426
8572
5673
2525
1256
4030
4007
1708
3710
9308
9820
9786
2764
8793
9239
6331
9654
6285
5800
2930
5730
6635
8621
7747
9234
1065
1830
8129
6194
668
3198
7215
9294
8732
1831
3639
7356
8501
7262
6894
5419
5709
3994
3510
4487
4207
5825
6997
5373
5455
7433
5456
9854
1032
2604
1480
2154
8030
2925
9582
1030
8956
9442
9806
8154
5679
1918
7188
3822
9780
9276
793
3422
8031
4731
8540
9087
7227
1125
3912
6386
8291
6873
2062
8359
9512
7020
2581
5155
9870
7221
7290
4553
8067
2151
2233
3519
1870
7663
2828
7133
9250
6313
6674
8975
1471
6018
9975
1131
7510
246
5937
9776
4292
3896
4400
6759
7520
8141
5435
5479
887
7283
1393
143
3147
7303
7558
8728
5320
7711
9588
8061
1575
7983
177
1695
3565
1079
4124
3238
9286
1339
6781
6283
9992
9521
4384
6757
7162
1805
5565
9425
968
6921
5212
5316
3617
9563
5872
6802
8590
7763
332
7489
8415
5144
4323
8994
429
1646
3390
3920
3589
7321
3917
1551
665
949
9536
7961
6590
8571
7261
9737
4261
1175
6666
6715
4775
4235
5319
6641
1104
2931
9379
9468
1130
4127
941
3626
5122
1113
7121
5235
603
7272
2012
5451
1411
6101
2208
4729
4480
7165
4798
5629
2673
1919
6825
4880
8910
3873
6479
7909
3494
7812
5083
7641
578
6407
1732
3243
8605
5134
2611
9542
6798
1994
5479
364
1983
54
9022
3772
3716
1987
797
6229
6391
9251
8501
4696
8606
4488
3754
7166
5748
4515
8621
401
8260
2895
7456
3675
4969
7981
4585
188
2241
9722
6182
865
3567
1987
7557
5549
4833
3859
4248
5475
8400
3621
6845
293
1226
1998
4658
9346
9612
6818
3669
1515
9521
2000
9672
1366
6197
5265
7184
1432
2768
3364
7019
1377
8903
7137
2063
8100
9655
2234
1557
2416
6859
8767
238
7738
34
5582
8906
4316
6501
8728
9587
9486
1900
1560
6008
7025
5045
4994
2413
6284
263
5487
392
6329
5164
3833
6843
5903
4292
6276
1624
3490
8455
1429
1201
1370
6932
6831
89
4979
4452
9778
5900
6529
2172
2215
2379
8645
263
9260
4673
5453
5512
6699
4971
7701
3946
9150
6102
7094
8298
8978
7277
4115
6050
5732
580
5333
2575
8049
348
2384
9908
3868
6513
9524
7547
5384
5435
5325
9408
6578
1972
5246
4473
4104
516
4613
746
2721
8894
5662
6988
962
7737
7288
8996
5653
2553
2306
3369
8541
2831
6696
1849
7141
2914
3141
3563
4202
3439
2024
4144
6917
6310
6256
6113
9365
7010
237
1060
2957
3710
7008
4176
7722
552
3517
7220
236
6339
8649
5558
100
1771
2168
218
7734
932
3063
9835
9233
1317
8483
5670
4423
6872
4075
8287
9213
5289
7067
746
3602
4215
2821
4543
9047
4329
9754
8945
3251
8508
5266
3137
6901
6619
3226
2141
6947
9411
2622
2905
4796
6907
588
4794
3276
838
5552
5679
5316
4971
1603
5081
7854
4071
2165
5305
6780
1573
6011
4725
4033
3006
1844
938
2701
5376
973
4441
4426
9670
8205
88
1053
4747
8556
1723
6879
7840
8159
873
6707
7268
9282
365
8935
6617
6075
944
5715
3758
1212
113
6520
3188
5459
7847
3807
9409
2690
2561
4869
3522
3244
2568
2790
397
5491
3030
725
1164
1632
4372
5201
8045
612
7202
7846
9445
2714
3114
4441
3533
1264
5614
8730
791
1655
1108
5243
9846
8017
1739
2266
2937
9610
2554
4993
1201
8398
5946
6614
1353
5224
301
4218
3709
1423
8978
1098
7099
6634
7282
3416
3399
6900
1872
6801
1278
1238
1996
3223
3386
9599
22
8885
2366
6263
1348
2599
2057
9293
5682
1306
4294
502
1127
2214
1735
596
8476
5097
4276
9130
9288
4443
8968
1378
7332
9181
8780
8354
1851
8594
7723
7367
9818
7613
9646
3779
7327
2758
9228
9226
4060
2753
9107
5505
58
3245
7778
409
4913
4959
1693
806
9691
1058
850
5093
5460
7986
7631
6402
4247
2126
3167
1995
8688
8416
3714
7199
4012
5856
6610
6973
1744
5248
7045
6207
5219
7436
7224
4330
1876
6343
3829
718
1217
7465
6164
2619
4893
7676
8010
1020
8219
5244
3076
2903
5113
2028
5502
2278
3640
655
1149
8939
9485
6614
1533
6762
6125
6890
2817
4749
5853
9695
6956
8648
2740
