3349
7234
7660
351
737
8363
6327
8639
243
8724
4089
6588
3009
912
2129
8680
9265
6438
1715
324
8409
6351
7484
856
8539
2797
6529
9065
171
2002
3020
2371
4241
8535
738
179
349
211
8363
4336
225
5170
1268
2713
3180
3760
6980
6632
120
5570
7230
1794
837
1724
3402
5397
1471
5716
4145
2492
5301
5957
5450
3810
6829
7884
1754
8945
6270
6108
6240
9437
2773
9923
6727
4193
8849
870
5917
355
5912
6302
5519
3729
2666
5534
5369
626
5587
5528
5771
7857
2655
3778
6516
5260
8000
9154
2186
4178
2658
6483
5486
3603
227
2024
3846
8432
8684
8260
2190
635
8367
5989
9382
7147
1228
4927
4584
1136
1275
9718
2439
121
715
5448
4847
4573
2874
9347
6235
9413
8856
4536
9475
1127
9972
5603
8506
9662
9398
2255
6842
1141
2840
5324
2293
7790
7542
4351
667
4662
3984
7995
5478
9877
4624
6336
5455
3318
4356
3400
8362
7232
7493
366
8118
7219
4968
5531
1456
2074
6307
6252
8868
6091
3305
6135
5635
9550
5657
3695
2994
8106
5823
7262
832
1218
4975
1677
8367
4098
7938
522
6878
560
3999
5347
1806
8824
4670
64
1382
2845
3173
8282
8080
2139
1948
7949
875
5875
7781
2703
131
4690
5450
6339
4449
2607
2287
182
6805
7143
2907
6979
6946
5761
5631
502
5598
6353
1593
8732
7083
9946
4380
1159
5253
8358
613
5266
7247
1583
709
2078
8721
1303
7612
3641
5189
6591
5104
8069
9452
3028
831
1919
7769
229
2136
295
6661
1983
1249
3317
573
7383
1942
7722
3194
9595
4303
2572
7791
7916
9203
4466
820
6288
3187
5838
9745
1148
1335
4707
9671
961
4992
4441
561
2753
582
6769
3898
424
1531
1281
5118
4197
516
5901
8280
1015
5415
8094
4672
9799
4774
9427
6083
6175
7113
6908
6385
4270
5354
9388
6817
5984
3345
6051
5335
5214
6752
5073
5769
7265
5737
8030
8420
2899
9116
8031
3291
4116
3469
1974
9925
4899
5083
3297
8173
2568
7990
1524
1813
7865
9135
6579
6419
4773
1919
5079
5997
5079
9652
4900
6711
5884
3218
7452
5099
5573
1253
9827
5732
4980
5487
160
549
4188
1085
7535
4009
60
5890
4753
8489
2049
964
7588
990
5407
3383
1564
1371
5651
1152
431
9561
3104
1971
271
5266
9464
5389
3309
6675
8051
7936
152
8799
4585
170
6309
1986
8792
2137
9654
4195
3629
3186
2840
2903
3951
8865
231
9545
7798
3556
9213
9138
677
9180
8160
9140
4027
8737
1851
7324
349
7358
7974
1022
3783
3220
6351
300
84
1840
1306
6004
8321
8237
6449
9749
2107
7440
4789
3539
263
1194
3946
2887
5710
7767
9580
1165
8821
8807
4583
6575
9758
5747
5104
2665
2187
312
2707
1108
5388
804
7960
103
3844
7927
1328
9728
5605
8747
258
5814
8799
1358
7080
5795
9289
8707
4156
9405
6891
8318
9502
3784
7634
6350
4043
6807
6244
604
4344
7680
4809
125
7193
3699
4528
6927
8583
784
4760
9369
8870
856
9848
5772
5217
4779
3986
4113
1443
2274
3441
6580
9786
5141
4918
5696
4816
4638
9762
8245
2542
4595
5645
7017
4831
2577
6151
660
9890
6901
7704
7722
8235
7471
9867
5519
3427
4438
605
5943
8869
4286
4813
2910
8537
9863
9083
412
6995
2430
4873
3808
4528
150
7743
7259
1995
289
3054
2746
4537
3218
4117
995
9732
4345
3932
4071
8136
9108
8482
4166
3695
2880
9327
4553
2541
5159
797
8353
8732
3003
2403
8826
3943
6554
9848
1495
4765
8872
9305
542
4982
8752
953
3281
9942
4205
2249
1983
757
2369
242
2644
4424
531
3
3842
2104
4301
6747
9850
3720
8043
3426
595
1103
5101
6685
5090
217
5792
9657
7853
7976
5011
519
2029
4919
2671
3413
6597
5064
2665
4035
2290
8205
6675
2695
8409
917
663
4516
4211
2470
1412
9551
3495
3525
9565
7392
6892
3301
6290
8984
5015
1706
6780
1150
7804
8978
9655
3803
8449
7219
7266
4331
5104
5093
2060
4723
8471
6567
119
92
1673
1409
2317
4093
4007
3621
3337
2009
1820
2642
4692
7998
5376
2868
6517
4692
8300
869
3960
8367
6049
5898
2085
9065
1399
2431
5938
7829
5977
1994
3095
3304
5995
7394
2316
6863
8431
9627
9138
8583
4885
7706
6907
4792
1003
5117
6273
1710
5611
5081
293
2662
7676
7750
1284
9600
2056
2087
3016
2129
4139
2304
5165
8444
4163
2595
2026
4276
5930
2191
5861
6362
1050
271
6627
4343
9839
1854
1806
5216
7806
4795
2817
6471
1441
5854
3659
5576
7726
7678
7189
3742
79
9133
5950
6809
2725
6916
9342
9521
1094
4542
7322
2992
1390
694
4157
4975
1703
2685
8075
4368
5253
5701
3247
1010
3415
1156
1783
3175
2352
2526
2871
5068
8659
1887
4185
8611
542
238
6197
7550
7414
1619
3569
759
6878
7085
2818
7752
2879
5798
2736
2709
2874
6033
3429
238
6245
9489
6349
7364
7047
3896
125
9583
7882
2440
2198
9939
6182
5362
5570
5497
6397
5322
2928
3929
9039
2424
9189
5354
6423
2160
4569
7489
2485
3925
1438
7013
6867
946
3607
9192
2141
8483
8240
2629
4987
6394
7466
1763
2897
6693
7633
3970
4862
2822
4115
5940
9667
838
6834
7316
6258
3062
9329
7203
6671
1385
9680
227
4663
12
4452
1150
843
1490
825
1062
508
5825
3806
8427
6736
8777
3091
6112
2258
7762
4559
2559
6764
6603
9667
6995
1894
9976
3557
8711
656
894
7476
1092
10
8859
7689
4904
1034
5618
6307
2821
4269
837
7294
7714
5423
4197
4776
9652
8557
789
1855
7139
1529
396
3052
7334
6784
263
3552
8189
1909
9498
2240
3008
1342
9294
3445
5697
8404
7202
3785
3765
7577
531
3540
4429
2692
8995
5403
7787
4946
9596
8071
1774
7669
4580
2459
4357
5686
7113
157
7700
5954
4096
8071
3735
589
8029
8456
9070
286
6254
9955
5765
9895
1615
1312
4952
495
4404
3880
2396
6704
4278
6645
4310
8673
4644
173
6502
6530
6153
2765
4392
5793
2190
6660
8923
4487
4108
8507
2952
2434
2111
8930
7016
6856
3321
6094
7728
7963
4252
4209
1399
5581
5407
8243
209
6614
6102
1899
3992
8091
5666
1685
8973
549
6047
5343
5891
357
6088
7157
9593
1206
8458
6085
5165
4296
2136
3097
2997
9460
5670
7341
3498
8855
691
7777
7771
8035
7833
9347
8091
3394
1078
1819
8609
3401
1593
8152
9030
7818
4700
5967
3104
8968
7725
5869
1378
1994
4493
46
2820
7170
4979
1460
7436
3306
7732
3933
9710
2022
1053
9609
6427
6349
4695
7814
7117
8465
6481
9172
3800
8043
3374
3551
3536
8663
9428
5661
2446
15
4721
3582
4956
6681
7544
2121
4255
9480
4637
1638
1171
9902
4297
6701
7515
4068
7347
6042
2348
3084
3722
2595
2265
1063
5780
829
6034
4963
5467
3306
6735
4741
2804
4294
3425
4300
763
5123
8067
1836
7201
6260
7553
3770
1173
732
2457
6093
6335
4220
9933
9302
8501
581
6731
5611
1028
1876
2522
197
6681
8594
6050
5195
3406
1498
6509
2759
3295
4936
5723
1742
8596
3265
6493
8612
3492
9062
795
263
4840
9282
4098
8134
6119
5475
2784
2794
5205
4641
240
9775
2896
9718
5377
1707
3003
231
6119
4620
3010
8579
5763
9217
520
4645
3684
4854
9840
7163
1007
1762
1550
5250
6970
8763
6765
7998
2392
2854
4347
8279
2355
1020
7512
9412
7836
4837
3391
433
2344
8340
900
8415
1812
2887
288
8125
4233
3986
7682
7388
144
924
5780
1986
2537
5949
543
699
8785
2399
5854
6928
4233
5945
9016
1058
213
6582
5815
948
1583
378
9944
6646
8423
1946
6760
8256
3226
8210
9107
6979
1067
7752
7163
4048
6773
3836
4459
3474
6523
339
8846
6375
1126
370
6866
2897
4170
6143
4080
1671
456
5416
6197
6795
8822
1650
7033
8863
3771
1897
5597
1684
509
8681
697
973
8819
9964
6571
5685
3626
2474
144
4827
8440
3808
3127
7904
8750
7754
6794
864
5925
7763
1025
4397
1821
7629
2178
8595
5677
8068
8917
3180
7136
2616
3457
2904
2097
6953
1692
5558
328
5448
9398
5749
9919
1932
6404
7068
692
1105
948
2287
2343
1696
6858
4663
4203
8562
9346
4829
9127
9405
5032
2995
1699
421
6338
6915
6971
3074
9043
1999
4667
746
260
5283
9467
1436
4179
6159
4949
6692
1810
4021
1215
9244
3151
7625
9087
4535
1505
7692
6273
6100
7099
8919
4036
5812
6637
4640
1991
7243
7046
4305
9125
2989
8418
4792
1359
3098
1243
9950
4237
9943
3553
7191
8010
2365
8428
9501
5553
4008
8012
8232
3153
9836
9675
513
2699
7731
4175
1172
4255
9592
63
6176
6017
9454
8309
3495
8927
8255
2764
7064
9170
47
5451
9023
1157
8797
7355
1229
908
4675
9041
3762
1721
2826
1592
6743
7836
9193
441
6632
7950
172
3794
6348
2779
2025
44
857
2187
3233
3572
8312
2961
3787
1614
8546
5386
487
2800
6063
532
7223
7632
3220
3297
8249
6294
196
3668
5073
117
1928
7389
1470
9880
9597
3250
2876
9683
6940
1051
8584
9918
7670
6595
1377
4733
1648
5067
219
3329
6206
4408
2032
2971
6567
1260
6498
3616
921
937
1700
7886
663
9466
2704
4598
5844
4846
832
5587
6651
2073
6685
5914
9010
3672
1327
9072
3638
9767
8426
2757
378
578
3917
5973
7502
3992
1922
2939
3245
8388
115
3179
1458
9247
8281
9004
8012
4162
1463
5442
3834
8266
7443
9422
7071
5300
9210
3044
362
9113
6040
5794
1024
3127
9360
4383
6819
2119
24
1678
9090
9747
6822
9665
9293
2013
2169
5289
3349
3292
8184
2403
6170
3296
1237
1019
144
1486
1196
3332
1100
4046
9161
3313
5178
58
6251
1751
5942
1948
4587
6368
197
6542
2146
3125
3204
3579
4787
7646
2721
6081
8069
2102
4927
1718
4015
7236
4480
6412
7282
1551
6496
724
1096
4194
7911
9318
9091
2823
4327
488
4743
564
8660
935
2501
4448
6599
3837
3826
1319
2029
2546
4347
3085
571
8273
539
7536
3096
3097
7455
5626
2382
3969
7202
6234
302
3704
1163
9766
8729
7550
7131
9983
8051
5359
3278
8266
8484
1835
429
6047
9475
5248
3641
491
1620
4767
5939
2770
4649
5934
9765
6928
3220
7019
1614
1544
5777
7346
6604
4104
7867
34
2516
2710
8687
9187
1147
9640
9898
6217
946
6287
7030
1813
7211
7853
2606
2217
5575
1057
9140
3087
6258
5889
7488
7096
8640
8874
595
2713
5977
779
8057
1278
8185
3669
8796
327
100
9411
4280
4406
7582
721
8205
8034
2332
2325
4683
6945
9338
1519
9211
1065
7148
9994
1470
4540
5609
4666
213
4392
8558
3048
4210
776
6606
3368
206
5947
2862
1268
5273
861
5843
5940
8081
1546
1890
5530
3581
7515
4309
2753
8776
9149
3379
4767
8026
8738
8142
5053
5730
5398
62
3283
1173
8639
9949
8079
34
5415
8691
1102
9765
6492
8629
8018
5718
7708
7806
7871
4316
2295
1493
4122
5757
7144
5068
4771
7467
8831
6077
6376
2755
4754
2853
3294
9769
8174
7093
99
4173
2797
5790
5828
3332
403
6862
7708
2122
6834
12
9178
3996
8692
1512
7889
3127
7246
6415
4816
2683
462
2327
8941
7161
447
9324
5448
8567
8378
646
7721
9226
4846
7922
1794
8897
9182
1242
8498
8676
8929
5395
5474
1372
5783
9825
7725
8922
2431
7418
8008
5210
3510
9661
2582
5520
8318
6205
4212
9008
3744
1710
3482
1038
5573
8353
6420
3586
3561
5037
6246
7687
5274
8417
7230
2079
5176
2295
3647
6915
7298
6721
1392
633
9867
4518
3346
3686
8342
1670
6977
5198
4591
6535
2836
8837
8908
5245
3003
5368
9324
8870
5393
3383
65
557
4864
5181
7791
9531
6474
6847
4499
6229
3767
6215
5809
6043
5711
224
7381
5780
2274
225
3891
8638
6964
5355
38
4508
4726
7458
6296
7438
2578
6901
1098
7282
8823
4586
3388
6861
5842
287
4014
7647
7175
648
4110
4091
6492
3465
9877
7228
82
6590
2835
1446
5086
8598
4494
365
4454
1417
6281
762
5734
5187
6234
6560
2344
1775
4445
6816
9685
8915
6216
1142
6914
6584
3486
521
343
9458
3060
2967
9722
9932
5148
5060
5056
6046
6949
664
394
2319
3517
7372
9682
4427
6709
2745
8552
2274
1349
581
5185
3059
1382
5126
9928
6203
7654
3697
4594
2966
2302
8568
5996
5379
7455
698
9587
9669
4123
3092
9782
4588
974
9141
1587
9766
5365
2439
857
7610
3555
8307
9377
6302
1164
9795
1810
6776
4271
133
7582
5205
2575
6487
1196
6723
5234
3426
6342
9673
9443
9813
794
315
7604
6171
1010
6064
1697
2550
3063
2136
9750
28
1618
3315
7844
9861
3110
5065
286
333
4199
4772
9915
1402
7688
1247
7975
684
6538
3464
4943
9361
7986
7830
3010
2725
5376
4015
5688
6156
5408
3857
6512
7686
127
3542
3855
6588
1751
2434
7147
5675
1831
4424
9081
8579
8217
7077
2646
6453
2513
2148
455
913
1774
8384
4887
9579
4763
5715
8904
4162
5570
723
2547
7198
6265
8190
9594
5740
7312
2498
7560
52
642
1152
8840
9511
9957
711
7816
1664
3116
4932
4402
5885
9659
6646
1271
4159
5420
5176
2631
3880
5023
2940
3345
3319
7284
5741
6046
150
2296
9981
6368
2921
8639
3091
9543
1536
3241
7229
9769
5707
8560
4152
6856
6161
6187
638
3136
5823
6594
9088
3866
8625
1482
8465
7962
9326
4422
1149
1211
8599
9182
4055
3844
24
1294
7048
4507
4250
3852
4524
5207
1471
7493
9674
824
2419
6224
2315
672
3602
5402
2290
939
6291
1557
4665
9726
5096
5238
1402
9686
6722
862
2760
5260
1080
2278
13
9767
9175
8803
4951
1639
940
2742
7461
1093
7844
8971
9150
1709
795
4606
7146
411
8554
9532
7374
177
9571
8217
3548
3635
797
6885
2017
9976
4094
4112
6365
1715
3144
7076
6996
6805
3597
4401
768
4702
6975
8393
1295
8222
9027
761
3799
6773
5670
627
8096
7363
8586
7121
5959
3084
9693
7469
761
4727
5010
198
1950
5456
3549
4349
3559
3019
1507
2599
3175
8598
52
6858
8822
2867
5707
6030
6672
4671
4145
5603
8807
523
6168
7710
8312
3692
3233
9345
8119
6809
5243
8182
8953
6466
8136
7037
6234
761
4203
5467
8198
941
3670
9712
6510
8768
4571
5483
8484
2334
772
274
4353
3632
1586
2691
8287
9776
6578
8322
1177
6810
4543
3478
2675
8558
3332
3224
8474
624
289
8000
7003
2325
8594
4877
2412
7350
4147
751
2760
4548
3193
5972
2789
4410
7480
4138
7189
8510
8144
6422
9756
6835
2308
956
5534
5813
9810
6272
1029
3193
2348
9131
1981
9221
2062
7948
6728
1308
2450
5622
4858
6322
9902
7999
4583
1714
6922
2972
362
7353
2987
1325
4882
4080
7987
1124
768
1582
8848
3495
5449
6688
9560
4181
9125
5331
1418
514
4280
9509
4970
7865
6758
4616
2405
9905
8149
5796
8065
5657
2749
4519
1059
795
889
6710
2840
1055
4070
5676
9900
4759
278
4650
5734
3252
7528
7043
5223
2643
6682
2131
4437
8667
9853
2960
5379
8955
4714
9913
424
9728
4284
2368
8399
4753
6640
6126
1608
2553
5676
3383
8814
3748
9647
728
8229
3962
8017
272
1819
2031
4459
9935
6229
4930
6667
9191
2858
1650
8371
9611
4519
2291
8269
9739
8628
7266
6628
8644
4271
8386
5111
9005
6970
6927
9619
2571
5
1940
101
3831
4891
5806
565
5399
461
3965
5155
4031
6318
8913
1623
2515
5920
8560
3242
3416
2864
1234
2791
4302
9870
830
3972
607
4748
874
9219
2399
9273
2715
1860
9727
9589
5895
7571
7485
2229
8206
1111
2220
2148
440
6112
962
8793
9281
9623
5559
4408
161
1395
9697
9920
8240
8217
3852
7421
2874
5130
8682
3828
4615
1913
3206
1598
1350
4148
3857
2832
6372
8079
7538
5982
6865
1341
8128
6764
5767
7702
2071
8175
7621
9186
3834
4291
9556
8952
2208
2446
9421
8754
5675
7046
1648
745
3926
555
1617
5080
6672
117
1803
4175
2924
5703
6052
7219
7736
469
8369
6126
868
8873
6472
7381
9864
4245
5387
6327
2878
6755
1141
9459
4884
3012
9013
5960
6308
7323
4902
448
5161
9621
5034
6072
9366
651
6203
1469
1860
8625
7146
369
8844
295
6819
9805
7367
7398
9751
9351
3918
4216
3025
4439
885
7673
8813
5570
2783
2721
390
3994
248
6460
2232
1794
538
749
5665
8483
7043
9877
6086
8968
2150
1587
3611
6467
6612
7603
8084
8274
6780
25
216
6836
5157
4167
3856
510
2659
5236
5966
493
6381
2845
5057
2148
6471
2296
2248
2866
6043
6637
1194
3629
3989
8025
7470
6150
7978
2709
6705
6983
1966
7358
5860
3632
2029
9146
6858
6385
4653
1761
9111
7979
5268
122
725
3376
7261
1819
1463
6502
3542
4254
6411
9573
7248
4248
200
988
9337
9743
7882
9993
2746
7564
7598
1386
6607
7123
5423
3485
8136
8571
3780
5472
6253
9067
900
1531
2724
9854
2428
7633
7650
8111
3816
6068
9390
8403
2345
5292
9588
7060
37
7802
3678
5728
2064
2061
8242
9629
2579
1489
4004
3777
2118
8974
9443
3129
9191
4220
1651
1965
1906
6718
8520
6394
4924
3474
3370
1456
132
422
2172
7939
5077
5521
7227
217
4057
3438
2629
6559
7439
4202
569
9470
2982
2785
7751
9733
9145
2298
1535
7092
2734
7901
4992
9788
3830
3185
9437
1891
8441
6514
2444
1346
6098
5507
1194
4457
4095
2569
3469
4971
5547
8532
3491
3801
650
7365
2776
6040
1354
1353
5459
479
7164
9548
238
8548
4265
842
9484
9339
2256
3337
8005
3893
8932
7977
6007
456
1838
8560
3983
9299
4807
8734
8626
5799
4172
412
7464
2704
5885
9482
3389
657
8810
1095
5546
7418
9504
2315
9199
1381
8417
514
9219
6714
8586
7251
9718
3131
7510
5640
9433
7461
6864
8246
3839
29
7891
5515
9107
6424
2277
2560
545
4337
1258
3098
4367
3804
7942
986
2247
487
1460
3474
1257
2434
1823
4694
5800
9106
9837
1245
3632
9719
9938
4237
6288
1326
5630
874
469
6512
4552
1247
1193
7423
4446
1226
8462
7003
6707
8718
4153
510
442
115
494
702
4537
9314
3436
2632
8625
2311
467
8939
8914
6683
48
4494
504
5215
1898
654
1285
6556
7909
2636
7738
3598
7170
918
6940
6159
4102
2175
3318
9666
7077
7629
6138
3571
798
6897
5441
4448
9481
7252
9125
2739
5705
714
4270
2634
588
996
1167
246
4260
521
9206
34
5061
1871
4655
6880
2240
6177
6366
717
3082
9227
8259
6586
9798
7791
4915
9141
8703
8336
6661
9109
4738
4795
8214
6746
2417
5759
5258
5619
3812
1326
8668
2117
7734
6307
1706
202
920
635
5330
6887
9558
5357
3498
4168
7425
7741
9949
9140
127
4977
6496
1889
3605
812
4191
4258
2806
8211
6564
2929
1057
868
8352
9726
4607
879
2499
2123
6120
3430
637
9461
3853
5875
3889
7449
9535
2699
248
3443
4550
4389
9375
1253
513
6514
9800
1245
3825
5741
1759
9072
6259
6544
560
9376
5406
6896
6880
6584
6043
742
2321
4567
9318
2631
1154
5556
770
1197
7681
3426
9862
4757
6593
4482
9851
7775
382
4500
9898
2680
2277
2989
2617
299
2999
8779
3334
7169
4517
684
2785
1027
2764
8031
2497
7653
8096
2236
8235
9969
6107
5279
3152
2852
3188
2412
6580
6940
7388
6301
5779
517
6663
8354
7791
1443
8957
5473
95
2308
4464
9961
4573
2220
3969
5459
5150
1736
8018
6301
3000
8931
3323
1288
6425
4503
4298
2531
5086
453
7871
8187
2825
1827
6897
349
4124
7402
4558
2013
4004
6372
6269
2806
2758
3237
754
176
7068
5026
8482
5214
3732
4244
2670
2205
6600
6961
9101
4859
2580
1152
7546
8689
7061
3030
3454
5854
7968
3383
9493
9506
1253
2883
1602
9367
7574
2266
2156
8947
397
9252
4683
3656
8914
1630
8223
7000
1393
9385
2813
6719
7335
4151
2651
6630
5210
2595
712
5146
5947
4106
8948
9506
7278
4911
4465
4690
9546
7187
7687
1551
3595
7134
9254
4326
4100
567
5407
7049
1911
4925
7791
6722
9316
5638
1078
5159
6478
8436
4595
8106
357
8431
270
3066
1496
2275
9360
6972
4941
8552
415
1973
6929
8780
9133
8925
4964
3094
6430
1404
7564
551
6884
7676
738
4395
5260
5766
9645
8139
9570
7730
581
440
7735
3682
5588
5977
3776
9436
5245
8485
4593
490
3244
2965
1461
557
5703
6971
803
6988
165
7198
1031
7165
32
8472
3120
1991
3260
8507
3756
8535
2150
4597
3355
4279
7634
6436
7397
2949
6668
7061
2955
4055
1961
6430
8388
8043
7109
5525
1977
1762
5679
8664
931
2935
5192
943
6276
936
4440
358
8686
2161
4505
5618
1792
3095
9107
268
5660
1594
4238
7741
295
474
6179
3799
9670
6731
5764
3392
1190
7627
5104
5088
6744
4998
4172
9757
7357
9806
5643
9213
1321
5888
6748
8498
5494
4374
2945
674
619
3580
4808
1916
8032
9292
392
4210
2847
4574
9519
5254
1547
3944
3782
3961
9862
5575
315
966
6826
6387
5100
7640
1465
9604
3873
5075
6121
38
116
2575
5907
2659
4045
9393
8035
9970
4032
2766
3364
7606
9099
2534
4809
3047
7476
6712
339
98
9546
45
9436
7465
6054
1549
536
4282
5566
7086
6833
3465
8288
5976
4111
8643
3287
9447
7206
8800
1852
2343
3082
1055
1873
5827
9996
6007
3952
4929
2867
7476
6333
9371
6016
6350
2092
3847
524
5320
4187
3894
5564
8177
1416
9410
6862
7273
5007
2128
622
1065
6020
3663
5130
8642
1272
3103
1102
6270
260
5415
5460
9337
6880
7289
964
3153
7952
1573
909
2249
1369
3260
8642
575
7313
8062
7318
1727
894
1111
2623
6395
9511
3760
9559
8305
674
8641
6169
9847
4200
6963
7606
5657
769
1354
7294
9352
8206
9587
613
105
2836
9452
5096
13
745
4141
352
8388
9477
3109
5068
4901
1126
3480
5644
9580
1648
1055
828
274
7951
1453
8398
9918
7953
2728
4676
6188
8497
7133
1689
4531
1436
838
4838
691
4884
4783
4219
1120
9511
3132
2016
3515
8192
4027
7565
899
1405
5854
642
525
7353
2049
5495
2516
9929
7613
6686
9201
4610
5386
6054
1232
3860
109
6233
776
3236
727
3915
6811
6074
358
4021
134
8433
4465
5058
7117
9243
5166
9500
2817
9382
3122
2377
5957
9339
7403
6331
5093
1057
7703
1551
9517
900
9726
7730
7133
6131
4990
4890
8393
429
731
3770
3091
8134
5219
903
5629
3034
331
9049
2791
1256
2380
5627
4627
2578
2400
3055
4214
8149
5853
1219
4521
1005
1744
2184
6050
2300
7056
2900
8112
563
9594
7259
9177
2110
5798
1866
4767
3972
8857
172
6699
9808
5883
3276
4806
9931
4150
208
3602
9514
1995
7635
449
340
6790
1319
1943
7593
5593
5026
8885
4465
3357
6865
9386
6625
7416
9870
6705
2335
9981
8410
7134
3734
1701
4382
4045
1789
9252
6419
7086
5242
2462
6465
6464
4351
4312
4118
992
3751
4567
5274
7826
151
2289
2481
3031
1016
8127
3549
6935
3768
6661
1903
1915
4851
9046
9128
9759
3722
4343
2141
6961
2896
210
5157
5197
2638
5131
9404
5492
7756
3613
2767
3147
340
348
2546
730
8513
1975
173
4638
8887
571
9493
1287
9657
3159
4395
2573
5646
7453
2418
2766
7174
4045
4803
1958
5426
2913
8624
2022
8352
8098
1033
8185
3435
7293
2162
2099
9713
377
2138
624
9014
6166
1596
4792
5061
2834
1283
3096
872
2938
8378
4199
7755
5146
629
9702
3659
6220
4384
8686
7685
2783
1227
457
4407
8426
8929
5253
4692
2477
4529
9868
714
1430
1157
2675
9642
4221
6614
3180
3296
3819
4177
9164
9874
6211
3337
5015
8114
3378
5885
3088
7045
6894
6279
1841
432
2816
8530
8855
841
919
9757
9833
2765
5690
3652
167
1287
3139
442
6706
2588
8679
2000
8383
6564
9925
1268
4766
571
3625
1377
6210
853
7737
6460
7390
5593
2514
4844
6982
2072
4030
4748
6565
4026
5450
7166
2016
2150
3165
1686
7071
8379
6938
4400
3999
1343
9517
8465
7682
3636
9798
9085
477
2979
9884
2511
1515
7796
3628
3053
936
8357
8227
8679
7737
1762
9539
3966
6752
9738
1954
5878
5039
8873
6145
6196
5960
437
1196
1446
2615
1422
7609
5555
7685
9464
2245
1155
4404
7289
8186
7441
4014
2249
8863
6701
6997
4170
5429
1214
3359
6684
2343
1963
7703
88
5006
8605
3815
7118
8157
4702
5327
2531
5469
6405
5662
6496
8375
7849
4004
2507
808
5652
5251
1728
9937
2561
3303
1085
8066
2147
9409
1752
520
860
4281
326
2619
9111
3249
4364
3347
8965
8457
8011
4931
8010
3919
2063
6174
5761
4354
5252
4791
5857
7486
9548
4196
5056
1936
4955
8892
8892
9105
4202
7449
2668
8314
6137
6345
1916
8859
6428
6007
6650
9361
7431
7728
7868
8764
5528
7011
8619
4205
1589
6294
6601
3886
9264
2464
6636
9505
4838
6465
6640
3908
708
3296
6477
3429
6905
7542
8874
1634
6868
350
6536
4923
7570
7334
9467
3671
3320
2403
4984
1831
7556
9241
5427
8765
7543
6485
43
9380
7672
2050
7013
9886
9532
2441
5072
8428
697
8004
4840
5508
2975
8553
4584
5167
5538
9451
9489
5574
385
2327
4775
627
5518
6979
3099
9997
9048
9052
452
2125
2410
744
4121
9103
6320
405
6668
7423
5927
715
6373
1767
8422
650
3904
9094
7873
4152
5769
3326
7185
3993
1295
6640
2020
9611
5425
9942
3065
9153
6646
4164
4934
5762
21
1043
1303
9273
6399
5372
7844
7396
4024
4794
132
7992
2743
8129
1376
3347
2095
6836
9994
1938
4466
1062
2450
9526
6935
5995
9181
6794
9855
2615
1013
6043
9955
7267
8377
4964
6035
9154
5358
8025
5684
9861
1175
1576
5144
9461
4706
7280
3279
198
6050
3622
4066
6352
6200
6632
5145
8596
8284
6551
2267
1019
5553
8986
3211
7566
2217
940
8331
3889
8975
1759
7856
1365
2156
201
1700
3381
8680
3967
9209
6533
3347
1208
552
7323
2555
6561
5986
3619
5379
2984
9826
2860
4461
3717
5887
5472
3639
7662
8792
1553
5665
3302
6020
8654
7853
2178
3327
4386
2308
5591
8654
4313
5661
1117
2295
5757
2465
5091
4015
3742
6344
6395
8269
5265
8869
1832
939
1975
5601
69
2154
3476
9557
2574
7864
868
3845
4291
5833
1839
1892
8574
912
6774
8119
5894
8214
9125
1532
6765
1134
898
6028
8185
9874
1433
9055
4910
4035
1726
9370
387
3131
7756
7673
7229
2628
4065
9548
5742
9441
1360
1095
2070
3714
4882
7665
3090
4635
4193
3916
1849
9772
1522
6023
2278
1996
2271
9615
1034
305
2466
498
5777
9547
9046
4318
4388
5083
9019
4069
1543
7433
2287
8234
4436
611
6683
6743
7730
5653
8797
7062
4898
1364
2722
172
5259
9129
5630
4425
8683
4398
7952
4552
3870
6360
2159
8250
889
3118
5888
8035
1565
9576
887
1468
9577
9756
6452
5283
3451
919
793
3552
6580
1349
5955
9349
1963
474
9247
6278
6669
8099
6429
428
5797
4543
1303
9089
6486
5277
6456
6186
7347
9418
1713
6592
5527
6036
1769
6857
7667
2983
3528
4152
8626
4507
807
7503
4977
3163
9186
95
1280
4253
5191
865
7323
9740
1119
35
1358
3110
1867
3963
2104
8564
5621
5540
9012
5354
6818
9690
6140
7436
7984
5006
9752
4121
2230
7521
6238
5096
7517
5446
9073
5595
1410
2664
7014
2112
1405
4817
6469
2386
1590
518
8900
4613
9219
8905
1117
6172
4432
270
3088
4161
9306
8668
7380
9991
4488
5883
8578
9638
1880
7401
459
1692
2363
2518
9402
7867
1673
570
6962
550
1667
925
2164
901
675
3971
6714
9007
9737
112
6869
1450
414
1736
8538
66
7207
8922
3035
9810
2968
5663
7644
8637
6194
1761
6299
1630
4438
9352
4145
27
2221
7330
9416
5260
583
1505
9495
6722
7445
7719
474
4652
826
960
336
3195
7713
2799
4590
5522
1108
6325
720
8609
7551
4087
7669
6165
8926
4484
8387
4725
209
1492
2731
2898
1877
2384
4816
6795
5197
852
2784
2749
5363
6486
701
7654
6614
4016
2292
3732
5938
7034
2608
3911
3916
2290
5629
2414
8857
5555
9224
3591
5829
9688
5907
3201
4944
9103
2164
177
6702
9002
507
7836
2662
4582
5975
3888
632
9921
5863
9804
7286
6247
7976
4971
8354
6628
1698
3938
2111
4631
9577
9858
8788
9587
8587
9590
2676
7349
3028
9830
9599
6734
2980
2726
1076
804
9817
2457
5995
6470
8852
6437
2154
7551
4009
2376
4716
7328
2792
6399
3240
7523
7763
9588
8462
9553
3163
2112
3786
7238
4253
3919
6980
6079
1659
4739
6572
4485
6336
4939
8487
7366
4245
2543
6131
5460
8765
6509
5118
8395
2349
87
3195
630
919
6162
1488
9878
3910
7500
4648
1325
4440
1647
7594
8185
3059
2652
526
9935
3154
6413
9934
4079
440
7463
3713
5367
1135
4177
9477
7283
122
805
6216
5800
9649
4993
5629
9161
9158
2589
1802
1243
7934
2694
8635
3945
296
2638
5914
2530
1896
3457
729
6521
4601
9330
4672
5478
3435
6737
1752
3869
2774
404
2137
4152
621
8336
4324
4077
2407
958
1575
4038
850
904
419
2229
1224
1495
33
3053
2094
8131
6735
7097
9551
2966
2767
1641
6233
4046
2959
6038
7889
4886
6742
6759
3054
5808
3871
7983
1964
2138
9702
3614
8021
22
4336
6257
6221
4134
2108
7405
9664
8281
9003
3966
4219
7877
685
6823
5937
5516
7823
4361
4797
3133
1137
8582
1828
9203
8561
1324
5475
6210
9664
1150
9943
9671
1283
9870
7681
7602
6133
3687
3388
1530
3329
3330
496
1308
5173
3123
6743
8225
5847
6635
5283
4320
1457
346
2406
4270
3014
3718
682
4388
5915
5603
5343
1130
4204
3199
1898
8119
5276
2431
4883
3887
5415
5338
1851
3587
5633
2289
6627
5038
262
287
3470
1140
7173
3331
9836
9926
1112
5500
1627
9836
507
4920
3598
775
9353
2664
6800
4306
8206
1868
600
2872
6644
7119
9009
3495
1687
5415
1853
319
4707
8719
6560
5514
959
721
2001
8238
4578
5886
1063
1027
1132
1440
3687
2981
4142
765
4064
8039
667
2520
123
2387
2545
4228
423
503
6532
5323
5703
2795
12
5944
4026
448
5527
4117
4526
7695
233
3405
3670
6324
7963
832
8385
1320
427
2299
3147
6814
3552
9945
1969
9330
3812
1847
5157
2081
9758
3412
6602
1069
2573
1267
9115
5649
7727
2922
9696
5405
5155
9484
3657
6117
2392
8139
2926
6196
2400
598
2186
5051
3493
5588
927
5100
2972
4062
7094
1773
5271
1044
2244
2956
9295
9981
82
6809
3425
1407
3374
6631
2998
7994
1431
9008
4880
8246
5496
2093
3918
5561
8982
4740
5651
63
91
74
8614
1160
2632
8641
3384
2836
5086
4529
6724
484
1147
3821
9228
2268
7648
4944
8535
9928
7149
2830
2930
8385
3181
6141
1085
7098
7116
8273
6546
9965
7358
5476
5096
3472
1015
7452
5495
7894
3587
9449
6142
1862
9742
5416
8784
674
8394
7556
9744
5852
7665
8825
2673
825
9385
4534
8047
2543
4503
2477
7369
8648
5398
582
133
4475
7863
3682
4900
6099
3503
4415
3120
8608
9737
5481
672
1340
4071
5745
3090
7728
5500
3292
7805
8943
1868
2520
9325
8188
6608
7513
5953
7997
8012
2496
8241
5003
5508
2780
7537
158
7812
5850
3691
6880
3606
5563
7713
169
8668
8328
7337
9182
8969
5720
3193
1592
4013
4051
986
1988
3673
5396
3965
2377
6407
6383
4426
4169
8950
6022
2606
9691
4116
3725
8118
8194
6431
8379
224
9986
9729
7214
202
2810
1971
9498
482
946
1913
2510
8539
8931
3006
920
718
2612
2824
740
7799
2387
7218
4126
4385
4664
2823
6346
2253
6124
2904
9637
7617
5112
2330
9422
6026
8182
3708
9016
3247
8432
2668
1456
6748
4057
9648
8492
997
3770
79
5465
9824
2091
699
5336
5598
6004
1579
7858
6669
7976
932
5771
6194
5640
7234
8607
2082
4832
3377
3599
44
41
5223
9723
7831
6678
611
5745
6995
959
3708
2394
4089
3153
5777
478
9679
8956
1422
2566
6525
2101
9367
9183
5523
1741
5316
9567
3568
8132
2514
4432
6560
5647
3830
1873
2044
3705
4702
4058
3390
8809
9092
6132
949
373
1999
5582
4209
2237
8382
9273
5078
5129
8860
3072
275
5786
2805
9947
7628
4466
3620
7483
1130
8273
9885
7073
4473
9307
434
1038
5937
6731
6506
2634
6266
4127
1842
5034
4129
5522
8293
7699
8818
9779
9668
3600
1157
9224
3061
3752
1270
2428
9728
5758
7656
847
5796
9158
202
6611
4942
9706
1195
1590
6076
2467
1449
4061
1866
6278
2368
8516
7554
2116
5100
8430
7758
6737
8197
448
2899
5413
5305
8823
6268
4965
5459
7984
9782
528
7636
2031
7870
3025
9507
438
7817
7812
7534
4041
3250
1353
3349
6415
3898
3905
6512
8460
1115
6447
9059
4866
6812
6696
3319
1455
4744
1969
7146
3840
381
8332
8245
7578
2140
6881
6701
2016
9325
5846
9295
8917
6845
9100
4048
7002
1091
4519
7737
8251
7191
1256
2953
5861
2003
4819
8736
49
5647
5127
780
6447
1754
2368
7241
859
7901
8658
7579
8716
9040
3151
6049
4347
7986
3508
2504
966
1376
189
1594
6885
2624
7244
7184
1324
4486
5139
1863
4593
9651
4986
5560
1009
6236
1569
3718
7755
1811
8422
2793
2747
450
6872
6154
2552
2206
282
5764
8183
6823
4276
7898
3112
8319
6824
2119
1762
125
8365
3491
4021
7243
6261
1572
7730
3807
3035
5021
2254
3066
4238
9075
4408
6112
1246
1762
2962
8233
2970
3391
2172
4666
623
2403
4356
1040
4665
7778
9589
5513
389
5534
86
3506
3193
4703
6272
5291
3325
7624
5128
7095
30
8783
6502
4791
6134
9728
1813
4883
8585
3006
865
9866
8812
5415
3414
3153
3158
7019
3528
4817
3033
5258
4223
7982
6267
8199
423
7282
177
6002
5836
7558
2024
7539
7716
9745
400
9694
7831
7589
8013
4133
8727
3428
8207
9305
9262
1738
4853
5511
5215
2102
6799
4187
6278
8785
3902
3542
8247
9221
2156
5621
4316
7457
9872
9386
1749
2166
1069
9989
4653
2064
9639
2337
6113
9186
1558
2793
1644
8856
6798
9483
1742
6184
6767
9169
2919
4510
3982
6520
9642
3543
6212
419
4546
7568
656
2216
3556
3032
441
1233
5099
1825
3031
5075
6855
9199
1381
5417
1710
8178
5099
2367
9455
1386
8330
4877
1106
3567
3811
159
2065
37
225
3546
6707
4603
4785
8237
6399
9794
4455
1889
7615
5370
2766
4425
2790
2372
702
4191
7925
8851
4704
2924
8727
5167
297
2501
6119
2410
6270
1952
3210
366
7239
2328
430
6895
1551
2339
2620
4414
6162
6397
2548
4885
1208
4081
8831
7046
498
5796
6278
8291
1147
2582
1087
1745
651
4990
2334
9758
9202
1570
5643
6906
1752
1719
1125
531
289
7994
5061
3126
654
2291
531
1860
9619
1393
2757
1534
97
8573
3452
5213
1318
6356
3492
7744
7046
5290
3486
7955
2844
6526
1729
169
4020
1982
8857
2523
1439
7084
262
846
1904
8759
6154
4963
2171
9412
9038
2423
8922
6964
2514
4631
2
3592
4159
3957
2011
7512
1362
3730
852
7905
5581
3015
1933
628
1520
4608
1794
4740
2330
1769
9423
6449
3360
6445
325
785
6405
650
6091
8781
3650
8298
220
4109
1384
578
6814
5698
2852
9867
9296
7390
8455
1341
2904
1253
625
3278
4680
8108
8566
4591
4690
9726
4347
9402
9000
2229
6137
9850
3701
8391
2179
4787
2176
1113
3547
2897
118
8514
6406
6746
652
2854
10
6323
8634
3014
6536
3199
3008
1660
4960
5139
998
5970
6873
798
1891
3672
9227
7729
7843
8655
6058
9882
4667
9954
8136
1997
6263
1000
9196
8051
4392
7522
3653
1987
991
8355
6858
1842
3159
7990
3569
4987
672
3886
3767
9891
6093
6498
3724
6456
6693
6730
5117
6290
3051
3627
7970
2633
2146
3272
830
4799
8514
7210
9912
7633
232
2588
337
6021
3167
1318
4222
8373
2808
7874
5168
3312
3802
6191
7979
9564
2041
7895
2498
4787
6670
9934
4930
3670
5223
3556
9743
831
6819
9021
2077
8915
1234
6402
40
7150
9433
9499
6509
1820
4858
1791
5641
4920
7744
2412
3541
7817
9181
1240
4838
5954
9089
1159
9388
443
7376
4829
4
3547
2431
718
9077
7377
7480
1565
1736
5403
6949
7742
5155
7470
1257
5318
7164
8395
4334
5452
5623
6298
3128
9734
4372
727
3596
2674
2634
9052
309
3036
7048
6796
5579
8683
8760
6078
6344
419
7656
9147
9276
6682
8189
2086
5280
9256
9400
5377
4265
4423
230
2092
5802
103
1279
2729
9646
3755
4041
3620
7642
1219
9353
6519
6932
7895
3615
1206
6646
5801
7206
8061
5624
7940
3838
6004
6674
3228
3620
2463
7058
6462
8199
8539
1753
7867
9006
8112
6246
6964
9342
1387
2769
6420
5865
2251
2722
2750
5969
1718
4950
6632
8120
6708
4659
859
2603
2722
7132
4030
2161
5687
1542
1164
1963
5650
4737
524
6165
115
5897
9550
1810
651
3075
7392
8875
7194
841
7283
1587
911
5168
706
2402
876
9340
7255
1351
594
1332
4002
2339
7274
1672
1266
39
3766
3006
267
3432
8531
3711
6542
8950
3701
9510
7201
342
3983
9542
910
1084
855
5791
9020
6391
9349
2915
5541
2223
2358
7246
8882
7566
4600
6410
4188
3920
7463
7705
6667
8205
3837
7636
2417
7072
3763
4907
2312
4748
7970
5
6336
4457
5245
9979
4389
3470
9574
5486
5323
3535
7818
4083
6341
1545
1759
5705
617
9568
4026
1151
9761
7614
5468
5857
137
7103
842
1647
2186
138
1702
9498
7465
8401
7929
1200
7039
2857
3929
8633
3488
9665
1424
9998
9093
9482
995
1216
9611
9400
5774
5385
5529
5264
4463
7334
7005
8626
4261
184
4915
6303
5117
1169
6005
7189
3799
2031
6064
9657
3878
8146
2437
8334
5285
8178
274
5840
2837
2019
587
9486
8793
7751
1405
9793
3216
8560
3968
4440
5315
7442
8170
2697
6003
5765
7858
6826
8248
5654
8285
5602
165
7139
1061
7764
1129
8512
958
4372
8297
4191
8708
7994
2512
2401
3557
9920
1133
8990
1561
4759
9165
5127
5608
3995
2892
1712
162
6593
9853
7785
783
920
8567
2447
2687
5988
827
72
5532
5056
6929
6737
7576
9609
1766
9793
3714
3780
1416
1839
3907
1446
1695
3758
9580
2963
505
3852
437
2449
2504
2392
3790
5764
7796
9536
7624
5046
4898
5321
9616
2461
2180
6605
8277
5011
2423
6129
9022
3447
2547
3466
5204
3890
2520
3088
9951
1520
497
397
4758
1640
5081
7590
8965
4675
5333
3362
5806
9289
6468
4436
5520
7260
4251
5206
1810
894
8393
6638
5607
7723
927
419
7799
5608
844
9165
8752
4570
1719
2352
4952
2864
2075
2265
5605
4715
1275
8447
5501
8667
763
9825
9512
8509
2103
8994
8881
4764
7006
5709
8993
4362
2099
7621
6933
2560
7068
3697
2415
6423
7551
5236
5484
4123
8974
5269
2381
4373
7913
589
925
4093
1477
7328
3095
3922
3996
374
6903
1850
7298
7472
9638
3759
3599
2200
6483
8908
8159
9031
4983
7696
4092
2431
4885
3150
2433
8615
9654
8392
3340
3683
664
7620
2018
2623
6987
1061
8751
1417
4652
1281
2300
6792
5073
9715
5906
457
2722
8696
1066
5743
8359
7562
9866
5632
5981
3953
3824
5535
2082
722
6559
8637
5535
7967
7149
558
1324
6698
5684
7129
3249
4025
1691
284
6747
6240
1910
4400
7820
4737
4632
476
5173
1423
5734
3966
9479
4754
3211
7400
7051
7262
2859
3124
7974
838
1780
3970
7782
9168
5060
2044
3040
196
8666
3125
1900
8074
8355
4928
7169
1752
1890
4088
5310
4151
9140
1013
3591
3635
4452
242
7638
5597
5175
509
6213
2352
5433
2462
1130
1248
6297
1954
7821
5914
1099
7821
8333
5250
9040
3732
776
9653
3520
6812
727
2792
4909
751
4809
7153
1450
6074
9490
1495
8037
7948
1954
4246
952
5129
4901
2426
9548
6940
3434
4345
9442
1851
4926
6672
9166
2216
6774
8669
6535
1425
3323
6695
2859
1876
5910
2619
4189
8211
301
8069
8008
5220
7035
5771
8280
1546
5276
781
7060
545
5655
1361
3324
3862
1713
957
3987
1329
9659
4209
8499
7888
8011
9515
9314
4240
2277
4974
3169
4543
477
134
335
6065
498
9396
2925
1178
3837
503
6488
3348
9631
4847
1201
619
5371
6676
8974
5552
2650
472
8440
4199
2274
3647
3667
7660
607
9806
5780
8709
7015
2038
321
5300
578
8934
6710
5246
6121
5759
2524
8066
9797
4910
8964
1788
9235
8710
44
6680
7727
1661
7875
3039
6717
4233
8064
2809
3169
2679
4469
9335
8509
1753
7940
4164
6266
8859
1484
5834
7759
321
8916
4492
1685
9881
2856
5422
2499
4631
2504
3467
7082
4301
1670
6599
2615
16
7041
6965
2775
151
9050
5638
4305
4411
5395
1198
9583
3194
2934
8433
8582
5897
255
3669
8711
4965
603
3076
3720
9924
1828
7026
7190
2314
7705
8416
3085
5309
2458
7781
1749
1999
2507
5153
2347
4194
810
5810
1381
3368
8852
3733
3314
2541
5967
4174
768
3663
7030
7523
2718
2588
4717
8862
4624
812
5828
6407
4349
7506
7435
7106
9586
954
9961
3738
2526
6231
7689
3496
5098
4878
3194
6562
7357
7600
3452
3187
5916
7659
2052
6050
1640
98
4115
6240
3461
6154
1910
4383
819
5685
7865
3702
6632
4118
3372
9867
9397
5611
3612
8092
2673
5787
9732
5691
6465
6737
8797
9842
7346
4939
1959
148
4327
1671
47
2400
3097
9800
1423
1985
7259
717
7133
5371
3772
9050
2620
9308
8107
1794
4274
893
3055
8428
2470
2677
3626
9055
940
8591
8014
8189
6206
6105
9365
5939
176
7203
3777
9956
7551
9552
8756
1446
3999
330
6739
9310
3231
5650
8670
279
6878
8893
9030
2325
1040
74
3756
610
9473
5700
8002
3569
3121
6345
2353
9558
4056
2351
8029
1846
7497
2544
8547
7306
2338
4674
1155
1536
4641
855
2274
6771
6401
4362
2298
6741
3396
9205
8942
8655
2388
7724
3625
5336
3582
8886
3693
8726
3338
1931
4501
9502
496
9844
8730
1118
2944
7294
3366
6043
1205
2269
9436
6182
1663
7504
217
3871
2793
8049
3928
4832
832
5531
5532
3621
6136
8396
4938
8634
5191
252
701
609
7345
3541
3283
5467
4378
4641
1349
4048
9105
9505
3806
8139
5448
6379
2241
1763
5117
3066
8701
4398
7137
9674
639
1681
1905
9514
9134
1405
494
7651
6036
9898
4572
2788
771
7796
4034
5270
787
3104
2458
3775
3681
5346
7333
9486
9131
3012
8290
6015
1356
6916
7875
8793
9259
7568
337
6524
7559
6837
3582
314
2428
7524
8845
8269
4922
6853
5985
4803
2302
6039
9451
9663
7984
346
6846
7454
4676
7646
1735
3945
8728
5386
7244
5410
4972
2288
6453
1042
3988
9628
9006
9782
5859
5888
1384
5826
7764
4594
8323
4907
4688
7400
6635
8512
1008
5990
5178
4952
1053
5912
7985
8791
5670
8802
3564
5054
631
6564
2841
4890
5528
2921
1756
8361
2349
9235
9816
2713
3710
7162
7908
9519
7016
5721
2957
7972
8421
1551
984
5172
8050
3021
2944
3736
8425
7450
9368
8950
8770
1936
6995
4226
40
8944
5112
5368
7744
4890
1015
9612
9551
1473
9324
593
1443
4793
6468
4146
5593
390
9451
4230
2943
9787
6577
176
6901
9719
4089
3878
4537
9568
606
8696
521
5511
4172
4050
4363
6647
9352
4909
340
3416
1999
3736
2543
7466
3784
2846
8776
2116
8354
9641
838
2566
8326
26
1053
6575
9875
9975
1665
7737
3143
2043
3644
9388
9095
7719
878
6413
7086
5287
5383
5939
8753
1359
5045
2686
4619
1965
8395
1391
80
1652
7185
8352
3339
6490
1492
7379
692
3630
8293
5880
8367
589
5317
1362
892
7786
5416
636
1048
9185
8371
2205
5103
9255
9283
7898
4168
4232
8397
5448
423
9305
6574
8188
4151
1343
5279
6510
6145
2187
4524
9717
6573
2216
7385
1799
6123
9371
7204
6315
7729
8034
6812
4527
569
9056
5165
721
6406
8077
7842
8523
653
8816
4768
6364
8169
6563
4800
8614
7190
1455
9186
4435
4106
3299
7355
5807
2541
1567
4840
7567
1277
125
9554
282
9814
3580
5928
7903
8945
568
4403
7154
4634
3318
3125
7005
5891
9639
7387
8117
9884
7615
7147
9763
3964
3153
2592
9989
6691
7868
2380
8791
2735
2447
9310
5672
7301
359
7015
4401
5131
477
5567
5184
3115
9311
5784
6495
9253
9339
1414
8846
8653
432
5562
929
6069
667
7197
6667
3295
9222
8866
3393
2037
9172
8152
6103
5353
8171
4697
9259
9973
6977
1359
2914
3979
8931
9459
1973
9762
6871
380
5285
8573
2466
1279
6656
4620
3740
2288
6626
3648
615
1219
9245
9981
2502
4982
4421
4334
7211
3747
936
1470
3080
798
7994
9209
9254
3145
2733
3321
5017
9292
5645
6084
3075
4105
6853
2864
7741
7217
846
5878
1292
4085
7113
2476
8236
4800
4876
5722
3004
5978
3626
7343
3273
5303
1688
657
3715
4789
1560
9593
3408
5672
9787
3180
5774
6325
6533
9509
7120
2144
2577
8513
1455
4347
4751
8674
998
9571
9139
9816
1501
9600
8019
1024
7285
3686
5657
2305
4353
5142
548
2879
4110
7133
2559
2969
3278
903
271
6556
1908
3884
6640
7165
273
4325
6701
6893
9836
9905
4775
4020
8187
8766
6624
1677
3099
1591
2314
7634
9976
7932
6129
2717
9125
2156
3840
6785
7445
8372
8558
1499
250
20
1902
5503
1917
4471
8007
447
1589
9634
3157
6862
4487
2146
2586
9075
7396
7039
7557
3555
1943
5484
4513
5417
9857
6530
3292
3957
2964
9530
9924
9780
4584
702
1446
2677
3563
6643
9809
8881
282
1142
1110
9303
5833
4833
4403
9065
5346
4604
9145
4516
931
7271
9737
9621
4726
3661
6866
8410
7123
95
2288
4532
2815
8871
2051
123
2967
3562
9286
8408
2138
6071
7070
5661
8877
3460
5131
6198
1679
5695
2874
6175
931
2479
6978
3915
598
397
2254
8885
5478
9769
7090
4076
7249
8063
8755
3832
6784
194
1587
8233
4557
4426
8710
294
9561
1717
3306
9703
845
5019
7131
729
734
469
8268
4867
8224
2072
7233
3575
314
3682
2466
9609
6685
4807
6976
4992
8576
4112
2225
196
5280
3969
9611
3905
4178
4793
6268
9330
9387
5583
4665
3
215
8537
5262
628
6729
8482
1397
1902
749
1936
3289
649
6365
3851
6012
4391
7766
2304
3976
1955
5712
4301
3212
2531
6229
3300
1538
5766
916
8459
5260
730
5809
3692
1362
814
9865
1977
2660
4517
7747
2852
4808
4351
8994
8054
9291
3315
5302
6498
9237
1714
7800
2443
2294
4954
1945
1508
1612
353
6476
73
7112
4192
7637
6585
9048
9175
3453
4244
2230
9895
3983
989
250
5695
4647
1667
798
2195
8469
9419
1299
8482
2125
8795
5182
4996
3142
2646
6361
4995
4515
5539
6628
375
7944
2619
9519
7662
116
8814
6087
22
991
5523
5795
9256
976
4091
6954
955
2476
9511
2689
8097
1622
7021
8528
5811
7490
2898
9341
2685
2052
4606
9710
8324
4102
699
9474
1983
1126
1243
7768
4101
4181
2721
8512
1268
2328
6626
8276
9195
857
6084
323
840
3889
5875
2674
2442
3854
9040
3146
8201
7026
1944
6431
5306
7887
7257
8387
8748
7191
4830
570
8123
9426
5130
7547
483
102
7596
3698
5849
4684
4634
5371
6754
1092
7934
570
2067
7976
2610
4654
2511
3937
9803
2519
4711
6810
7857
9507
2331
8289
2394
9390
8353
7710
2478
5513
7569
5442
6458
973
2247
3015
4772
8044
5459
361
5668
5175
4578
189
3714
3129
1925
2689
7020
8683
2902
9705
8207
2027
7097
5293
3434
6246
4242
5098
1911
9030
6754
1925
8998
4299
3955
396
1059
6044
1620
6204
7290
2527
1771
3910
5194
7619
7141
9362
1685
1570
7783
3500
1914
3167
7101
8725
2799
800
5103
8595
795
9705
9024
2909
5223
2735
4257
4406
1757
585
6085
2943
1882
1878
8857
3325
2151
7640
2633
5079
37
1206
6098
6434
5397
9614
2886
840
9121
7526
497
7524
2336
9266
8942
9397
7069
4465
4924
842
3241
5209
2782
4948
1448
90
9240
6794
5000
408
5206
1523
676
7517
8699
8079
9210
677
2278
4560
5593
2166
852
5275
7814
5163
9983
917
3786
6282
4794
2673
3470
7421
7307
5306
172
4470
4036
7268
2553
7133
4798
1624
378
7243
6056
1601
4455
7731
1393
9444
7949
8736
8206
1597
4728
1895
5003
2438
8007
2461
7318
2005
5479
5380
307
5188
3306
1584
7580
8921
64
111
1473
151
10000
7343
5014
9203
3010
1339
8052
1769
1250
8685
4790
1805
5772
1657
6003
495
74
691
4781
9315
5506
3130
74
998
5384
1698
3998
5014
1892
4081
7667
53
4190
8970
5718
7950
7779
6877
5599
7141
9042
7792
4064
2726
8476
8111
2432
7389
4274
7043
327
3783
7390
1433
1671
2583
7751
2545
7674
4181
9349
1743
3394
9427
5924
5054
948
466
1510
5448
5727
9021
7121
4979
4518
6034
2918
2030
5695
6408
5454
6975
8070
8964
6266
5518
7256
6447
56
81
1998
799
130
2088
891
8879
514
9440
4649
9801
9372
7114
8789
9621
3866
91
3446
6124
9810
4023
4899
8909
3161
3468
9384
2175
588
7688
7056
7090
2046
5173
8994
7057
2104
1970
3692
8349
5662
3234
5530
1140
4648
3523
3345
6592
3498
6539
6001
3882
8339
2358
8245
6487
5164
9717
6512
6675
1601
9468
1325
2806
8250
3119
2052
480
4901
9295
4037
1074
1863
5156
7740
7336
1127
1016
3264
6427
7814
6091
3458
2619
2750
3941
2258
617
2491
8644
5889
4228
2279
559
5286
6165
7568
4780
1486
648
182
7670
6506
8928
6509
201
6103
2457
3725
3368
3916
1290
8150
9023
591
948
5861
9652
6865
136
9895
9021
7217
1317
1872
931
3238
3765
9440
4451
243
1249
7823
1805
4184
6739
7204
9340
7377
1144
9680
2247
33
4614
3045
2502
3296
7682
3603
2030
8602
1351
4189
2481
8980
7916
69
5634
3878
2865
9019
1016
3663
4290
3602
5286
5877
5968
3267
2231
5587
1629
396
8609
1898
4192
1638
4233
8108
2074
9735
4771
9009
6695
4720
671
5993
3074
7851
5345
951
1617
9670
7290
7349
2499
9044
9421
5246
7388
7697
964
1153
8592
5214
578
639
2765
7913
33
3152
4446
2830
245
2995
9863
2758
2842
9917
2072
8396
730
1395
273
4746
4169
2754
2919
1321
9465
7662
6851
2968
4576
1135
7970
4311
3418
1370
9519
8138
4213
7091
4081
1395
5512
5148
2747
5005
1280
267
5934
8490
266
2504
4303
6817
6769
1460
7732
8007
6016
7294
4643
2495
5825
8991
6929
8801
8401
8654
7902
5824
3214
1723
4193
794
1456
4570
5282
4971
840
2869
3255
3089
9767
9507
436
7147
789
6332
9980
8699
8452
4617
7180
6360
3842
5117
2633
4886
6625
3825
7057
3070
4066
6965
9011
4950
9796
6930
429
4414
9990
8667
6628
4
9117
5609
8760
2711
9153
3633
3972
7230
8207
7217
1704
7735
113
9735
9268
9112
7352
8644
4875
8305
4231
8423
9892
263
2992
3081
4272
3700
428
4880
9087
6415
6073
8335
867
1326
2644
2147
3774
8338
6142
476
14
8801
9420
178
8016
9682
1441
7646
495
146
9910
9162
3034
4323
2096
9843
5285
9434
1761
9023
3062
3351
653
7731
4744
7844
4601
6830
8537
6916
4517
7570
216
7586
5992
9038
6713
3840
2156
691
9471
1376
7325
3885
2417
8174
9218
5903
1281
3555
7644
9511
5901
5637
4102
1925
1280
1036
1881
5918
4166
9353
8633
4884
9960
8256
1389
4548
2491
3104
9254
8769
7812
7950
5953
8555
2653
4827
2586
3349
1721
8310
5561
5507
2427
1365
1581
2622
2704
872
3164
4077
2227
9153
7998
4758
9494
2737
766
9124
8165
6380
3057
1996
3135
1272
7213
8475
8170
4584
2041
6482
2221
8885
6964
8652
5708
6208
4546
9489
5084
8695
1747
2856
2756
9356
5361
2590
1012
6314
5058
9939
5757
6542
3641
7051
6426
476
7644
318
1949
7283
8877
2270
5262
7784
1801
9283
602
674
5273
1254
2561
8463
1950
7600
7599
9665
9551
8123
8320
7889
9161
2051
8943
2659
4693
6415
100
8633
7927
6441
4627
8018
5507
1802
3429
6406
910
396
5608
6084
8084
9305
1322
2624
793
9937
5594
5242
3160
4074
4672
1005
896
9729
2496
7336
6134
8269
3543
1820
3562
564
5754
9131
6810
4390
2872
47
4490
6828
4207
8345
215
3884
2355
991
2721
120
2489
5909
3669
8121
5142
740
2075
3087
6647
4075
4909
9283
7996
1909
5514
4544
6536
9290
5692
7760
3478
8058
1690
6441
618
3381
1522
6666
8022
1801
2037
2346
3725
3580
360
9391
5689
5481
3601
5754
5476
6395
9598
9616
6100
7692
4979
7988
8226
6399
2490
5993
9395
428
6166
3828
3422
9331
2127
930
8612
4532
3467
168
9633
3361
7835
8615
297
7047
3194
9219
1738
1080
6545
320
9217
4562
8779
7567
17
5490
2463
1391
5527
6564
9889
2283
9377
4716
6599
3056
3474
114
1662
7865
5355
8764
8478
4315
9561
156
9674
7847
5994
2112
4529
6244
873
196
7650
6521
6347
6861
7885
1844
8517
2995
2554
6714
1604
4162
5970
1621
1113
5463
8631
5576
9878
7392
7122
9470
2229
2492
2562
9572
2566
4063
1679
6692
3660
9506
9800
9899
3612
3973
2661
7915
4334
40
3783
4528
7139
5581
3490
2418
501
2958
3124
1212
8267
2915
6653
6861
9476
7706
867
5461
2039
5314
839
4375
5406
7999
1475
9001
6732
4213
4065
5947
2509
7651
400
2257
1946
8429
3914
2152
9240
9520
5126
1530
7710
9459
5666
3157
3225
317
1704
7519
169
7333
3708
8157
5912
1918
7603
6636
8496
7872
2066
5874
8041
387
4420
4085
8892
7652
4632
7419
1939
4175
7773
3014
5937
3030
2478
2140
7640
8494
2943
5797
3805
5439
6152
4633
5602
1822
6881
8909
9201
4829
9472
6171
8871
3991
3550
2052
9894
4272
2510
1621
5725
3680
7902
8185
7445
6513
6237
6918
8480
4442
2487
1964
2905
8162
7977
8455
7512
7234
3967
3297
5547
4341
6315
255
7409
6669
916
2963
5102
6041
6281
7238
8960
4684
5184
9623
310
4790
9032
7237
7513
9731
2851
1066
5607
2957
1179
3387
7942
188
8348
2409
9825
6539
3882
5941
1149
1310
8508
7081
2151
6305
4328
1918
8553
7711
2946
8602
8826
143
6960
5691
1321
2134
8672
7435
1239
1454
2009
3260
4403
2177
5895
62
8666
7173
5018
5258
6415
8798
4982
6905
9254
78
6338
5616
4012
6145
6659
6643
8770
8243
7958
3950
201
1887
5574
9514
3413
1118
3985
2428
6724
6286
1554
3624
3606
1265
6674
8007
9409
9773
3305
5538
9375
9142
2542
484
951
8830
1719
8522
3416
725
3831
8421
3603
1223
7118
5215
5819
5292
2549
965
296
2873
1656
7934
8693
2337
8688
7873
7714
6597
3337
1204
9826
561
8196
1354
3073
5729
8750
6258
2163
1261
1304
43
1484
8823
7081
3095
6077
3847
873
8986
4321
3544
9369
1015
4429
9583
4370
5538
3102
2433
6450
2015
7502
3042
8779
6721
6064
8734
6404
823
3123
4387
3807
586
1417
9683
7730
8206
6294
7290
1042
4670
7367
3040
4153
1734
6417
3468
9904
7032
1916
4643
5798
6137
150
9247
7370
4976
1919
8252
9019
2930
4788
4928
531
9073
9558
2742
5297
2732
242
9732
9672
5926
2029
8783
8135
8626
5017
3009
3994
2559
4204
9048
6475
7652
7785
6062
1904
4328
4234
404
3142
7748
1343
1479
9280
4577
5306
4466
1681
5398
6526
4486
2143
7111
2089
9646
8185
7567
909
2587
3117
7078
9701
2643
5746
2992
3367
1629
1016
3450
1715
6854
344
118
990
5596
6196
9835
1950
4493
3485
3611
5900
3495
2675
5683
3705
9213
7682
8165
3167
2983
4579
7657
3785
2478
822
6993
6795
1590
3761
9848
8417
9117
8757
2368
4049
1738
1602
1931
5288
8394
4032
2478
2600
3662
2050
7972
8759
4152
5350
8152
4151
5846
5450
933
1805
4560
8278
3699
487
9805
9102
7666
4050
6164
7311
8342
5825
4984
8631
1888
7772
517
5126
1117
7445
9912
5521
2208
879
2845
3757
354
5103
5027
7927
677
4815
9047
1672
5920
2770
8373
2588
2063
1478
9013
8018
3723
6066
4405
6765
6217
7132
6685
2326
9276
605
610
5934
7177
9543
5607
5475
8436
3743
2506
3077
8119
2645
7879
9109
9946
52
8977
1607
3675
4101
2206
8627
4727
21
6436
8916
1444
5836
1196
388
7309
79
4298
5110
4801
1340
3125
4285
403
1997
4067
8688
5846
4870
6285
8065
972
4469
6310
1341
7070
6495
4278
4127
2186
9580
7275
2488
7650
7077
9082
6499
2024
8085
3026
2316
6691
4502
3577
4352
1225
2669
8886
1610
1019
3382
8643
3766
1577
457
5238
8868
8327
2868
1899
6400
7219
92
158
1514
9528
4062
6982
6867
6408
7999
953
8457
7964
7643
6821
3164
9288
33
5135
4072
1226
5416
3649
8893
2597
3386
3832
8688
8826
5747
8014
2468
5543
9595
4350
450
7920
889
2390
727
7588
8346
4070
6013
5265
3043
1325
1424
5257
1518
6239
6246
5007
1424
3346
7322
2165
4468
5910
6566
8828
3923
7524
6349
5554
7917
9617
1970
3711
5838
5378
9909
6699
510
127
6457
8320
762
7430
2654
6574
6605
3966
6931
1382
5091
7070
3723
831
3224
4702
4039
7196
5687
4197
1404
6893
9284
5752
5285
9966
290
3479
9666
2404
7995
8739
8992
7596
7644
2205
8802
2276
7461
9932
5454
9368
9932
4505
7045
2044
176
819
8588
1391
4666
9489
8884
433
4375
4333
2093
491
9733
6501
9103
7591
3194
9954
7043
2826
172
998
2727
1806
1014
2226
7176
9831
3637
6831
9698
9413
8743
6120
2088
9217
8441
6777
8177
4750
6131
472
1488
7116
1947
1683
5093
9425
8884
1551
8644
4319
4542
6818
8998
8570
8189
9236
5467
7097
9944
823
4650
2070
2812
9594
1870
4422
6274
8231
1287
7845
7894
9301
1436
8222
8907
5413
609
4297
4773
1503
2129
6520
3267
4045
94
6115
7733
9230
6161
9866
9461
2854
942
5271
8749
5548
1400
3029
3817
9384
6135
1462
6426
688
4621
7799
1258
7289
291
9527
2480
2032
5029
1249
6009
1435
4533
2353
9258
5888
9075
1226
7280
1371
8218
9161
4218
9783
8627
4899
1770
3251
8376
4494
3207
7072
2731
2526
8693
5130
4758
1717
7758
9272
4108
6901
1740
8596
681
3387
1446
6540
4224
1465
5047
1170
869
3592
9794
8359
591
6457
5374
7534
1345
1417
5072
3422
6502
310
7648
2321
1427
923
2850
8310
4144
5467
2461
2205
7166
7814
825
8961
1901
3793
199
4401
5212
5647
7456
7069
2124
1599
2524
9947
300
6679
8606
5291
6437
3144
7352
7375
1843
5492
7334
8492
5111
4128
3523
7222
7279
