2728
8185
8007
6538
9247
4573
5033
9458
3137
5236
9713
6223
8462
9814
9752
6882
8437
5089
4682
7680
1854
9316
721
9452
4847
6880
360
5467
3156
3074
9096
4398
8691
6247
251
8308
5018
7655
4895
8907
2084
3506
6892
4568
4691
5202
5201
9337
8081
7259
5352
3070
1042
749
172
8000
2937
143
706
9947
2301
7203
3568
8060
8235
6174
1853
2919
2372
1400
6258
1499
2339
5585
4048
6377
1837
190
7200
7779
9397
1848
9289
5707
2581
279
9039
6849
1745
3317
8978
7247
205
8114
1791
8496
5914
8371
3604
9397
2542
6721
5788
4612
6779
7612
9510
4702
5546
5504
8641
4339
194
5925
5726
3166
1624
1254
9062
9506
1303
7665
5480
1306
5694
1765
6369
6959
6011
1358
5576
5210
7969
4071
2299
4721
4305
6478
7735
55
7536
4306
362
7077
22
7942
1214
3297
651
4256
1542
31
8201
707
8175
8946
8498
1836
3823
6356
3110
7104
1709
5277
6261
642
3976
6
8403
9733
581
2899
4893
3824
8906
8091
5066
5475
6365
1731
5646
4273
829
1204
3124
9729
8610
4952
6512
7105
3855
4955
6350
5656
9091
1480
1503
997
8488
3556
3070
182
2578
3886
6402
9987
8209
7035
2764
4495
9830
1773
3537
5326
7724
491
4922
5288
8560
855
820
7619
1577
2877
8665
5470
1191
3486
4096
342
3732
8410
8755
6812
1595
9259
1378
2986
2533
539
787
7460
7695
388
1181
8234
9427
2195
8528
1413
9086
460
5837
958
7943
6304
2384
5426
3979
3859
2109
4921
1983
7063
9907
6172
817
490
576
7751
1764
7072
1479
4270
2381
6779
4694
9393
6447
8271
1641
7382
4663
2097
7305
2074
6646
6377
8949
4644
9571
490
7222
7112
9683
45
993
9496
4172
8017
953
8868
5214
3122
3742
6375
4883
9454
5674
2292
2439
94
7494
4152
9858
8699
3534
5903
9511
2829
8859
8889
808
1010
3394
4878
7415
3600
7767
3080
1546
913
8926
5725
6640
6405
3054
7877
1606
9511
4686
2611
5525
7975
6151
3612
7992
761
1350
7927
6602
6745
4064
6373
9144
8712
4589
2373
6394
2927
3694
707
1651
7413
4320
6553
9343
6663
7763
882
7588
4178
6481
8854
8089
1177
4425
1067
9898
752
9823
9913
6038
4510
2657
1672
4374
1614
4706
5997
595
1686
9863
1386
5956
1132
7695
8745
1922
4163
585
8470
8718
454
3398
5181
7467
4807
6239
6728
5703
2755
932
5702
9287
9609
3592
4542
5992
7229
6208
5579
61
4344
2569
4335
9388
9660
4313
9934
16
7050
5082
675
4797
2896
7905
752
3292
817
3010
9
5928
4669
2275
3732
7525
1776
7325
2874
8542
1285
8090
1424
4737
742
4895
308
2870
8865
3615
747
6384
2948
6528
3862
5784
3921
2323
1532
1545
3439
6754
6466
6144
9496
5785
1695
1912
1007
95
266
6865
693
1042
2428
4233
300
5753
3595
3000
3539
4390
6466
5197
3022
9821
3882
2330
4158
4018
5837
5567
8740
4272
8326
9345
1244
2375
2488
6201
1197
4249
4611
842
9925
7283
8470
5572
2106
2355
9415
8877
5621
5817
896
5831
4439
3279
4653
3336
3315
1118
2488
8296
670
4752
3338
5462
428
8485
1883
2673
8942
4098
6507
8087
7047
5814
8218
7232
7209
7382
7860
2605
4246
6738
48
4854
557
3570
9129
9386
9917
7896
768
9259
6319
2082
6043
5369
148
7386
7792
2020
303
2923
2276
4819
598
3090
6414
4653
2067
6868
3906
4867
7374
2432
1405
2833
7941
8901
3802
5218
2552
197
3004
9305
4070
3396
6960
6386
2741
3388
5822
1696
8689
1245
3089
1475
2698
2473
5630
8752
2724
829
5217
6140
6502
2119
8066
8474
1098
2356
6960
5406
5661
2826
3710
273
315
570
4453
9502
6357
8811
4152
400
9078
1887
4352
1746
1670
8083
1914
4504
7563
7362
8065
751
3208
5399
1282
3623
1287
619
1621
3716
1818
3309
3064
8850
1553
3089
1865
8318
4508
2111
2602
8662
5510
1053
1129
1250
1434
4692
3617
8443
5434
2905
1191
2893
8169
2662
1862
4317
9660
126
2869
7868
4840
6112
9351
657
7780
8392
6955
5833
9772
807
3901
3995
7339
3207
8290
3207
149
7690
8109
8691
1578
1727
728
6289
4386
7699
65
109
4400
7747
5843
9337
7849
7549
4296
3968
3617
6313
6638
3757
2329
601
2197
6382
1268
8135
4302
6470
8828
7102
5786
5791
5632
4844
4702
4413
3762
1583
8030
3575
5509
1516
3041
1006
4053
2668
827
8600
4556
3066
3631
7985
9700
6009
1610
7437
3375
4098
4793
9602
1203
8098
2624
1099
1485
1836
5453
6373
6556
3052
8230
8373
9012
7930
464
4889
6118
8585
5248
6993
5894
3472
1070
4370
1479
596
6380
2916
6685
2192
4974
6959
4207
340
2743
2702
4406
5080
9933
4658
8434
2748
3645
3179
1670
800
3526
291
6524
3622
8183
575
8568
3463
7762
2670
6257
182
3063
8020
5051
9351
9923
8829
8387
491
2412
8689
6423
6053
494
2819
5929
7584
6429
6694
3998
6819
9009
4789
3423
7882
2702
3795
9157
7398
3828
2070
6964
3277
3396
9224
8119
2230
1386
7473
9614
6363
2784
8007
8449
3526
3304
8262
6253
1362
9662
6998
9054
4009
755
5927
3720
9491
2222
774
4860
1908
4724
8111
9886
7313
4031
4917
1758
2411
3978
3410
437
9115
6019
3361
1336
4079
8419
1394
3952
1728
4466
227
4144
6321
2941
3849
3630
5975
9480
1154
8108
1175
2562
7157
9101
3950
9629
6369
9820
4881
1775
6140
9377
8366
493
978
1427
3916
8042
1506
4211
8032
4757
5942
9970
409
2612
1135
5936
752
4156
834
4858
3839
4108
7551
1477
5500
7876
72
7751
7889
3117
5607
5330
9381
9703
3014
1516
7996
8817
1375
6881
1105
4491
1718
6291
5227
4410
5237
4001
6965
9116
5492
3457
4578
2627
6540
2961
3072
7175
1542
1326
1792
5565
4351
6828
3851
8274
8702
2480
7717
5610
2049
7311
2766
7996
8633
8982
1985
3724
835
6842
4807
6355
77
5922
4782
9553
2482
689
2858
7527
3647
9697
1200
143
3448
4871
6380
9506
9652
5305
9335
880
6829
8682
6781
8631
9373
2940
8654
2827
5520
493
790
5383
2405
6601
2574
9774
1592
1365
2396
6524
7341
7939
2590
2362
2682
1189
4400
9903
8368
3415
5942
2953
7171
9546
7066
4824
5857
3132
1743
6997
4159
1108
9595
6018
2612
6177
9389
8352
2409
7209
4832
2762
7616
5750
3910
7060
7132
5187
3824
8612
277
92
4122
9393
2996
4784
2596
5978
7450
6694
1720
424
1555
1066
2295
4077
5352
4422
2336
4214
7711
2113
3214
8560
5575
7587
8846
6460
6186
3059
9655
1632
505
4027
3589
1804
3113
8057
783
4089
3067
8705
6755
7298
5091
2165
6583
2269
7847
7433
7204
9799
1903
5069
22
9552
8266
446
3151
84
8992
6482
8662
5215
984
8431
2354
9448
2140
9385
5180
4294
6764
2323
3687
9452
9421
8665
8223
2031
8472
6578
7794
4015
7601
1380
3324
5785
6181
3258
5315
2985
1940
1315
9959
8586
6685
8573
5461
161
2740
7014
7264
2025
8563
4307
6134
2791
2272
5931
2985
7967
5330
5863
9735
7927
5469
4357
9370
5374
9120
5185
2788
3761
1534
7625
5921
3975
385
9066
5947
9838
4653
5727
6845
2547
1365
5722
7676
4703
2526
7767
7826
92
6970
9921
8083
8485
8619
3410
1344
6613
213
3101
8097
1743
266
8482
8514
5694
694
7976
5398
6807
6810
1495
2906
8112
2622
2719
7135
9238
7749
945
8879
1256
5300
3577
8223
3728
8249
5610
411
9470
4094
6483
2677
7837
6617
3665
5974
5383
1125
4275
5695
8292
6766
8225
1118
831
5932
9614
5031
2940
9860
7797
1837
6555
7578
8352
659
7023
9058
8112
2412
1768
3490
8030
889
2123
8993
1484
396
9090
9909
6441
427
3030
6461
9746
4444
369
1946
2367
3948
7032
8596
3406
6229
1679
2334
2616
6745
3473
1763
6187
8472
4271
3599
4131
7762
1544
4051
2568
3620
8645
137
9938
8870
3252
2023
8060
1871
2917
5268
3246
9954
258
8359
1527
5001
8857
5053
7899
5387
4960
3504
6541
8426
1351
5601
1474
8231
1867
5908
6597
3413
4670
6237
3209
4265
9744
8041
9820
4237
126
5378
6419
3278
1733
5516
5616
8896
8328
6740
9308
7787
5741
8646
9549
1755
2230
939
5669
9578
1850
7693
4772
4063
6009
4754
4847
5104
6150
4412
2030
4459
4475
1224
6102
7635
2576
5104
3881
1951
8949
9766
4515
5279
9473
7505
4937
6008
4457
3488
8385
8721
5231
8219
7455
4056
8807
3911
3478
8271
9222
5034
4514
7531
7178
2269
1046
8762
7949
8341
2460
2319
8555
3073
3381
8444
5501
9689
7028
5169
3629
3513
2798
6629
958
4938
9059
7014
9338
3335
1471
783
4197
2416
2154
4559
8651
6557
4622
7398
5221
5043
7370
9250
6641
4869
5960
6348
4849
8137
5205
7638
6237
324
2378
8807
6134
6159
7703
613
8284
328
7639
6655
1354
8046
9084
8270
7376
7911
1692
2936
3901
6572
7858
5138
5948
5394
5951
527
7451
9453
5352
5543
503
5204
9001
5172
8538
7579
93
8787
8919
2937
1682
6852
3372
3198
3816
6180
6825
5806
2477
2337
9162
7560
6193
393
9377
6661
3523
6267
3599
5600
204
5280
8131
7421
2286
1526
8678
1981
7010
10000
6241
906
309
6895
9670
6981
933
5294
5619
611
6341
332
724
4671
1211
6583
6633
4899
1374
5959
521
1350
3180
9842
1140
2618
3318
1893
6695
1482
2777
7108
7615
419
2612
1893
3252
2727
3998
891
8846
5107
7842
1055
1530
2110
6563
5168
77
6777
780
3092
6565
2830
1890
2744
6710
1928
8070
4399
7451
8178
5463
7926
6012
673
8374
9733
8588
5562
2147
6251
1742
1417
5121
2233
4001
2917
5750
7648
7494
973
9407
8700
5905
606
8507
8713
3057
7044
7790
2117
2250
5787
2340
2059
6181
9005
7265
548
1803
8382
5011
7985
5009
3110
7250
3636
1305
2723
7729
5696
1928
4004
244
5043
6073
4489
334
7683
801
6677
1484
3758
1861
7374
3957
1998
4132
1943
4439
9824
7982
2445
1546
1864
8523
1656
1701
6383
75
9316
471
8706
8645
1519
8932
8661
9739
8988
636
7595
7593
2613
2743
5202
4252
8477
9818
6639
6209
4474
9566
3801
9868
8096
5594
3452
6533
2634
8634
8543
509
7723
113
7477
7947
6195
732
1095
9280
634
5315
6036
1652
1959
6886
3523
7966
810
3290
7470
7192
6377
1164
1960
8531
8512
3146
8379
2790
7528
9384
3992
9857
2230
1948
8071
3510
1426
4414
4137
1852
145
7357
3834
8653
2370
6780
9935
1282
3524
1892
2970
5265
5998
349
5941
1598
1195
4706
4041
3493
3069
6893
9019
6755
3018
7369
5389
2834
6353
3380
7624
8310
5625
8325
5355
5291
7147
7685
4730
6788
3953
937
3799
3891
4285
2402
9566
1961
9665
7097
4484
7488
4335
3763
5831
9541
8059
9773
9288
1487
3563
8595
8670
2669
1162
4278
9234
9330
4522
5586
6326
9063
5642
5481
9260
998
5636
6867
9748
1654
8040
3989
1380
3608
2316
7674
4107
3836
3878
2203
8410
3075
9257
6511
1003
2537
6301
5409
7922
6145
8488
5919
2456
9253
4186
2231
1035
2798
724
9
8231
3629
5522
4491
6668
1190
3180
9555
9627
7042
4334
5839
320
935
5018
7025
4963
2282
6229
3583
7785
998
3056
1433
6872
3360
988
16
7408
343
6803
4466
9485
8636
9236
595
6172
39
4473
7696
4100
4663
4617
4982
246
928
8567
4635
7106
9982
4221
1122
2120
8960
4055
9408
768
4211
5292
3171
5262
7706
7852
3282
7945
6265
5232
2809
3511
5275
3099
6375
4756
5144
8130
4648
4632
116
2498
8127
2632
8993
8859
2781
177
5389
8033
3428
2928
7274
5841
7245
9015
3906
9916
2829
2538
7820
1148
2362
314
2139
9594
2694
2854
9718
810
1648
5274
2924
7872
3627
7302
625
5132
6794
5511
1955
6943
616
2916
3134
978
8268
7221
6538
533
7609
6490
7434
5128
8071
4467
3954
5391
45
1427
2162
2484
5864
1316
2192
9084
1493
8066
8219
2977
4597
2107
6035
1072
2168
4708
2952
6548
2248
1711
3063
3986
1798
2398
4458
5293
1646
809
236
8033
2192
6827
7097
9265
1917
9687
9194
1773
4491
2712
9434
8532
2760
2665
9226
1402
801
7811
9641
4623
3797
7389
4341
3495
8220
7221
6550
5305
4234
3522
5972
7514
7409
4415
7296
6448
6765
3506
2115
4892
9882
8488
9448
9392
1219
8911
3190
3729
3139
7947
8932
3860
3286
7824
5934
5452
6404
1117
4339
1246
5022
1087
2515
1838
8491
2602
1824
4336
4475
4891
2960
7395
30
2361
8813
7629
24
9208
2219
5674
3011
9615
3139
8048
6540
3231
5209
5300
4517
9323
330
4571
3805
204
7698
2118
9710
7175
1110
3001
6096
6282
127
2244
7157
7
527
9600
1570
7029
5518
4095
2154
3480
3046
6487
6536
4602
3668
9894
1196
3429
4737
7396
8884
7842
5333
8937
1443
1671
6902
4481
5051
4469
8017
5071
2830
6741
720
542
8510
2075
7501
4553
2666
5573
7102
9110
7428
515
2010
3460
6207
437
1985
4086
2815
2129
8130
888
916
9115
9995
2379
943
9810
3350
6026
9410
2025
5333
288
2998
2267
2740
979
3363
8775
6674
5907
2435
3897
2440
7183
383
3450
4963
7613
9544
2209
193
435
7990
3453
393
2034
9164
6596
5755
2749
3740
1139
2277
9807
3095
5862
498
914
1542
4374
7797
1723
7060
8834
803
6376
6550
6683
3618
1076
6407
3210
7362
2374
6320
3331
5143
7012
85
1921
4597
1503
2207
4719
6751
9314
2346
2360
7184
9738
1884
805
8097
9325
300
9397
1164
1742
2275
8999
6863
7582
5391
8352
3888
7614
5038
7852
5816
9376
2052
7178
616
4905
1555
5562
8560
6280
7745
3233
5758
539
1959
7204
6352
2698
5408
6128
2907
1379
161
4127
6049
7899
1915
5185
9031
9553
3741
9481
2999
4396
2799
4478
373
8794
6941
5009
743
8270
9029
9591
6149
2026
1342
6096
3803
9803
6939
408
4043
6685
7024
261
6579
6471
6169
6034
8821
2393
3433
5267
3906
6434
8063
5937
3155
4672
7811
5405
3916
5822
8962
3319
4364
9576
4991
8394
8271
4734
272
9024
797
6921
4012
8367
4746
1250
9502
3736
3005
7246
9181
7852
4302
9719
457
8885
8755
2609
7118
8081
9817
3904
1015
4063
4463
5937
1921
6094
5710
6715
9755
3253
3980
1613
7990
7875
7233
9103
3609
3571
2761
7677
1443
7920
9434
4503
6675
3095
6479
1435
3606
9630
4121
9119
5637
7759
7957
3086
1068
6785
9071
436
126
4234
4037
6049
2683
9166
9781
8149
8926
6087
3434
3627
1612
4179
9971
1185
2382
5724
455
6256
8835
5964
37
596
5172
9653
6540
3459
7649
5561
9428
6973
5951
8267
7266
1466
306
9585
9274
1188
3277
6161
3565
8271
474
4665
3211
8712
754
2665
4745
7038
418
4893
7709
6017
512
8039
6885
4418
5882
5138
3103
7715
9029
9354
8929
8276
3876
3792
8358
4539
4986
5058
7925
7453
1558
38
1612
5043
4514
7581
5555
478
7618
2659
573
1413
3747
61
7827
7923
8056
9391
6335
7662
8421
4031
6988
4713
2221
5454
8832
5124
4352
8193
1892
357
4920
7722
3775
9206
8035
990
1561
2038
8171
2049
8047
161
5013
3531
4564
6904
1428
4758
8439
8141
1633
3394
1840
1882
605
7054
376
6336
3110
3267
8216
3510
8663
2159
5789
7676
4634
3807
3476
4908
1298
5235
611
9601
7609
1726
4489
1996
5367
3474
5782
1375
9507
9687
3688
8124
7641
9890
6872
5845
6983
3671
140
6467
6680
4099
3551
590
8295
9875
9128
6735
9468
9922
3427
3935
7095
3521
5362
7188
8485
4283
4110
4068
8295
4870
5359
3333
1952
2683
933
3316
1287
4317
8237
8831
8779
1024
9300
2177
4546
5089
6342
8625
5658
4952
6756
361
6949
2997
2997
4406
1406
7161
1353
1736
6952
778
5269
6386
8953
9320
7585
2065
2
5849
1441
3137
4857
4036
6689
8927
7642
5426
6089
5426
1740
8106
7023
9026
4731
2776
6998
7143
5712
4901
7317
426
8492
4457
3842
3040
5670
8070
9657
93
4360
9088
1253
8561
775
1740
505
7773
925
8918
9184
4282
4385
7095
2970
8326
7687
6133
4060
4179
7159
5416
7544
5856
7489
3691
381
9040
5099
897
6714
9317
3672
9123
8945
8585
1244
1614
4877
2330
236
8575
6241
147
7295
2762
2547
2419
8718
8716
5201
1721
5029
9742
560
4735
719
6542
2720
6432
9416
8089
8160
672
6754
6976
1852
6086
6646
2170
6946
6628
8756
2616
3841
7920
7145
4939
3977
8733
290
9797
1154
2575
6417
1928
2380
2866
5420
1223
9215
758
7577
222
965
6530
5621
7518
3188
7993
2282
1463
1591
7770
2713
7201
9888
6651
448
4008
1327
799
5068
3771
2389
5279
3912
7511
8769
5029
5772
4760
8664
9408
4460
9964
1071
3709
6460
7927
3366
8259
318
4722
5327
8220
7216
8247
1586
1417
8534
4339
5009
3839
7840
3838
960
3238
4295
8049
3554
3248
7190
6508
136
5962
7402
1544
1447
2753
8476
1231
5551
1694
7958
3686
2549
2354
7904
6149
6304
7363
4629
3935
2588
8582
8650
9055
7556
3659
1426
7712
9549
5354
3923
2966
3720
550
2539
4204
1167
4128
7564
4872
471
6545
9081
2074
7867
9124
7896
383
5389
9205
1958
2374
8272
941
6218
2558
2366
4426
2230
5137
8671
7854
2448
3753
8132
1516
7741
4495
8580
1574
6353
181
204
4111
9612
189
7864
63
9268
9725
4469
6173
3604
5442
2427
3765
3562
3307
5170
3243
2681
262
5888
2133
8611
6965
5681
6152
9444
1046
1603
8715
41
2323
522
7809
2055
3935
9707
9156
4174
3146
6187
8763
9771
2697
7312
7320
7670
3758
7319
3382
1983
8774
9507
1572
2328
7332
9216
6659
3144
120
3278
2465
7648
6270
9746
2955
8581
3405
7287
5205
4374
1519
1260
5727
9514
925
4316
2947
3176
8504
9909
2079
5441
3237
1053
1932
979
2843
6357
4012
7321
4566
1497
6239
9987
3111
832
571
5341
3016
3591
9136
3903
5835
6475
7819
712
7233
8441
7825
8373
6363
4824
9542
7232
6498
6549
1510
4768
6187
4222
128
896
6353
8604
1041
2264
2650
2597
5030
9650
2268
5438
8472
3040
4719
8481
1534
9211
2396
542
1714
6243
6332
127
8395
6745
2467
1162
8965
7190
7740
3503
4268
4941
6597
1924
7814
2957
9898
6909
1460
8654
6737
1942
8581
5145
9033
7632
7620
2325
6951
8411
4343
1970
6969
7563
6658
5414
488
1198
2048
6656
578
1990
9794
6630
9942
9228
1577
6900
6491
1901
7909
6041
9221
529
3188
5976
9097
7799
6035
2648
5730
7904
9543
788
8184
8847
1343
9222
4145
3951
5761
7816
4901
1728
6732
148
432
3866
4345
3242
3845
4471
17
3488
476
5014
7807
2016
5696
6463
934
4335
4986
678
4106
4968
4893
7234
3451
7392
9481
6846
6743
5207
2455
1227
453
9590
2704
1902
8553
4568
1067
8860
5289
1889
998
8090
4796
8099
366
4074
7817
4663
113
6846
5222
8589
594
3252
3787
5520
7031
7092
2744
7298
6851
8753
7196
3698
7378
6068
5115
3846
3959
4680
8238
6683
4434
4256
5293
4565
1278
9757
5907
1085
9837
5188
6681
3009
1102
5390
2668
3007
7228
6190
1120
1182
1289
6242
5287
5900
6675
7891
8534
5123
9656
2218
9468
9186
2961
9702
6721
5047
8047
976
8953
9066
9950
5839
2521
8729
5476
1883
4874
8486
3871
7607
8133
2297
4588
9241
8395
6069
8491
7907
7076
1547
618
7629
2529
6292
5216
4772
9736
9616
632
1029
583
4954
4986
1309
4704
2626
3998
3344
6255
277
7108
7829
978
9500
4549
1264
8180
2965
575
1609
616
7842
5345
1300
3852
5189
9710
8906
3965
5211
9664
8279
2333
7545
2544
5440
5568
5815
4789
3618
233
1204
9600
2539
421
4624
4047
4731
6574
4160
2844
154
7225
2276
7576
9234
2707
7564
7936
2755
5691
2722
1654
187
9559
6685
4070
1597
6088
5128
4207
3825
1423
7050
6606
3213
6035
8313
7815
8384
5517
2466
6354
2801
5475
5590
3942
4740
2876
5571
2122
5638
4698
5348
4830
7168
6313
7784
3511
4317
46
8008
3226
4139
9661
8087
6715
5790
4084
6424
3045
2091
4084
8283
3483
6695
9784
9952
1170
6902
9929
2996
8516
6595
6849
8755
8825
1801
4055
9870
8739
6848
4467
2844
6780
8624
1440
1905
7288
7095
3861
8898
4372
4216
5597
4796
4217
3082
3444
7578
1340
9637
1175
8509
5408
9024
4098
1873
4624
3003
3083
8733
4673
850
2668
9489
2261
8619
4534
5336
7948
8644
9340
9209
7660
8037
3146
2534
3774
6800
994
4429
1256
5362
173
3758
6897
4178
5159
3163
3165
6440
6871
330
5796
2241
1121
1758
8399
9299
603
6483
4024
5673
9898
2614
6388
4579
8790
2553
9334
9459
1609
8825
9991
4980
6129
4600
6663
5028
9505
6386
9168
732
4803
9844
3786
6558
4846
3827
7954
8749
1367
1302
907
3200
8993
5061
5228
1325
2453
5339
368
4213
7782
6551
7647
6054
9138
721
6884
9251
7773
1050
8551
6816
335
6695
330
2118
4278
4309
3344
8390
2236
6299
983
621
887
1069
7004
5320
8463
2340
1691
404
9181
6866
1927
3148
3615
8435
9575
8986
9008
3072
2300
7143
3513
8141
9863
315
3306
2065
3702
5662
4546
7153
3410
8211
6661
5245
3912
5112
2659
897
467
4152
9416
9239
3744
5552
680
8195
68
9651
5550
2426
2575
1301
7881
3713
4868
8580
3473
8526
7848
558
5940
120
1521
1022
6156
4868
883
5784
1995
8419
3133
1264
7586
2087
3443
4899
3598
6126
6617
408
786
331
2940
4868
9990
157
5529
749
9568
7617
7339
5271
3080
857
4061
54
1877
8057
9978
9170
3630
2823
9250
7663
5845
7573
6774
3204
3979
9326
9372
6071
8991
6537
4031
836
4109
1825
2172
2026
7359
7285
2233
2683
7110
1065
3620
2499
4470
6343
6244
7338
8479
8911
2898
8537
7771
6647
5891
8033
995
292
2110
1773
1682
7996
9843
9350
1956
103
7029
8304
8258
8711
5464
740
1784
4624
5570
9877
9134
3901
320
2865
3571
2277
5057
5815
9515
7702
4665
6355
4776
9598
1955
8984
7725
7958
8135
5877
6824
9390
7421
4675
5378
6704
6565
4800
8519
7441
3448
7817
5860
1754
647
7784
7135
5256
542
6540
8715
5169
7889
9729
9813
5472
9535
4060
7600
7185
5040
4390
3983
4808
3585
9626
791
5831
8532
4321
3496
9385
9638
856
4518
2541
9585
4016
2345
8989
6537
6238
1292
7027
6016
1790
7651
5961
518
3702
5331
7574
9363
6197
9773
7316
9781
1534
2910
2619
1046
8495
7339
5141
160
6473
5987
8261
6655
2114
3352
6313
1652
4736
8036
1835
339
5254
1168
4804
9786
98
405
5408
9541
9425
1413
4209
4529
8185
9569
9237
5785
110
7263
2662
3404
1807
3459
5631
2549
604
2462
6891
4531
6811
6652
9180
7943
3033
2243
443
5915
6401
682
9125
2246
235
5029
9045
9947
3650
8571
2138
1998
2643
9913
4468
3035
2036
5064
8831
3968
988
1175
8777
1905
5156
8058
8529
1082
4845
5846
2579
9173
8574
6723
1177
1122
2304
278
8202
1990
2596
1686
1003
2533
9098
4633
9618
2000
2638
4501
7266
6776
7546
7130
6446
3010
6242
9102
1970
3366
6578
6353
7293
9695
9690
5071
6733
6098
6544
9299
9390
1582
4847
9584
4040
6671
1540
901
6721
4325
3241
7193
5226
9993
1083
3384
1171
4022
2608
7009
3120
7310
9978
6873
9230
3343
3318
9827
7556
9814
2484
3007
9933
2913
1404
5130
7327
8425
2314
3046
6519
1341
1871
366
2539
4418
2415
490
616
4114
3507
1765
9241
8884
4978
1574
1197
6772
5388
4095
6129
2742
1974
2203
9768
6291
5290
9538
9949
6708
1725
6754
7822
1395
1743
1322
8878
9316
4818
9518
5608
7895
6957
375
9208
6509
800
6784
4192
3533
3902
366
6115
8310
6480
633
3929
6954
8011
7758
1094
9498
8456
3634
7121
3603
3128
9259
6966
8072
1711
6696
9231
9143
3545
9208
1251
3441
7905
7723
758
9450
9069
8081
5440
1067
64
4655
2271
5230
5659
7110
8342
174
812
1698
2820
5376
5580
2423
6869
2358
1108
5294
1815
906
4836
5458
9295
193
650
7568
9101
2840
9463
5370
675
6456
5959
7590
2058
6082
4310
232
6994
8579
6523
9403
777
1041
4465
2990
4491
7824
7627
7585
9321
1920
520
670
823
1794
4841
7051
8916
4258
7327
3501
369
6051
6928
7159
737
7253
5883
414
7873
2312
6821
9310
5627
9249
4522
7980
5235
3843
9344
5268
124
3259
6654
7564
780
4509
4909
6072
6416
9616
410
6007
2518
1098
5302
2732
523
8598
2180
5689
866
3305
4460
5636
4755
6322
3699
555
6711
9968
5171
2724
5869
8738
5087
9322
3255
4807
5923
4740
4062
217
8525
967
1446
6830
2049
9907
3167
9420
3915
7914
2070
6273
4138
9183
9427
2638
4796
5443
6728
1463
2762
4038
4143
7966
5684
9370
5562
9855
4061
4000
8252
3533
1639
9713
2554
3668
2224
1473
8986
9619
7443
8614
5827
2913
3058
9411
927
2175
4497
8805
5066
8756
3441
5869
9233
7108
8410
3736
7170
8462
8119
6567
4647
927
1795
4664
1396
6860
9794
2612
9025
219
6915
9084
228
1256
7217
3984
7022
8310
5862
7060
2885
878
2963
9794
8636
6891
2595
1851
5817
8157
967
1446
5546
2746
7963
8906
2781
472
5005
3507
286
2666
9260
8616
99
8709
2639
1506
6893
4236
9365
7403
6096
9978
5934
1992
3165
6225
4799
1657
8158
7206
4659
486
9175
7889
9892
1199
8411
7379
1681
8304
9604
3795
6607
1339
9078
4653
2960
1398
5055
1278
6054
5369
5338
7167
9693
9371
7373
4601
5283
9138
7860
3936
5554
1868
5290
7194
392
2738
567
9582
8143
2647
526
7517
1987
8507
8709
4417
2938
3853
5039
7058
3796
7255
3535
9020
420
5705
5398
5331
4221
6561
8600
4106
2371
5340
3122
7069
3871
7850
6904
9782
2796
6177
9077
3971
2719
1035
4171
4051
859
673
2378
6470
8237
6545
6527
3655
1224
9791
7149
7725
5679
2382
7990
7365
585
1300
1050
2890
2874
5660
9606
963
6276
4068
2870
5271
3903
8257
8878
4924
3593
3176
3466
9411
8419
4508
426
6103
6560
9886
207
1317
7064
5430
7837
3763
3881
8347
2847
3989
509
3852
5097
5673
143
778
330
2988
9285
3704
836
5333
7384
4514
9507
4261
8858
1335
456
7077
6537
5995
8611
6036
4873
6755
641
5778
2798
5201
6711
2118
6928
6813
4595
8300
7708
8684
1317
1194
3378
5919
2374
8281
896
978
5177
3930
3740
3248
9403
471
6162
6116
372
1142
6011
8580
7564
831
5518
6899
2553
4985
7278
8844
9056
5573
6066
5966
3933
2794
9960
5975
5805
8746
4204
9847
5944
6081
7962
9888
1776
6291
6111
233
1666
8517
9009
5087
8133
832
2474
4261
5420
1250
5628
2682
6730
6220
3919
2458
3140
4600
9883
1361
6840
6962
5770
4614
5710
5308
1933
6761
857
7047
5435
3882
1514
5613
7445
9621
9669
3768
6905
1752
3165
4326
6018
1670
5337
6082
2431
4204
7251
1446
7447
7444
5428
575
3651
2635
6537
467
6978
2006
3780
7429
2769
9894
9708
8416
9758
9159
3390
2827
5463
724
4837
8578
6460
3378
1900
6419
9000
6079
5778
2225
4717
5967
5812
5092
1601
8188
2768
9924
146
2964
5215
8991
3576
7158
3886
6988
8805
7268
1097
9932
7961
4416
3240
5160
2632
3475
8111
7639
5397
4180
2659
7142
4525
3737
1572
7480
1018
1085
2634
2106
98
1902
8478
4993
9323
3145
8606
3628
5249
1718
9851
45
4304
6730
775
3020
5552
5474
6003
940
5752
2327
1490
7127
6885
3667
8732
1465
7417
2653
3810
1052
4574
398
536
7615
2910
5245
6676
3729
3231
3581
9824
1412
4006
6924
5926
9702
1387
4186
6307
5733
8319
6566
3573
5681
3228
6134
4727
1708
6185
3088
3849
7006
2286
4307
968
4707
3988
1489
1789
250
758
9221
6970
3829
3762
8533
8987
9929
3649
4278
8393
4800
2193
6598
5481
4421
4610
4849
5549
9384
7927
6500
1126
6234
733
1095
8886
4944
9635
3478
324
2096
1038
5605
5709
404
3902
6188
3233
749
5683
8514
9019
9929
1560
1787
677
5262
9663
4537
192
8971
630
865
5639
1355
1561
6745
9148
1242
3112
7194
4558
6482
3717
4055
838
786
9105
4484
39
8485
3675
9163
5653
8137
1567
7582
4930
4844
9582
7142
9670
9542
5484
7564
4137
5959
7413
5367
7153
4275
264
4695
6468
4396
766
8266
1030
5774
9981
3403
8421
4975
8609
952
9542
6560
6546
8350
7485
9192
9687
3340
1933
5341
1760
3098
1356
8386
9699
1966
6704
4682
5225
7607
8386
5453
2249
539
3810
7182
4253
4282
9654
9400
4180
3851
8954
4746
3291
6624
1728
2241
9439
1489
7779
5115
4499
149
6262
5809
7067
4706
5567
1315
5624
5884
4446
4315
3917
5925
4246
769
4076
4582
3302
2696
2897
9123
6531
9247
7149
5711
672
7367
9068
487
5387
4309
5153
4765
1973
6143
6023
5246
7451
3685
4590
1824
7512
6823
5836
672
4587
4972
6537
9205
5027
1943
7497
4186
7837
73
8851
8210
7099
9529
6927
8566
8912
2388
6297
5894
6915
9573
4118
6670
1083
5113
43
7005
2889
9534
9724
7867
5
7418
7152
4427
4879
8010
2922
7771
2074
9738
6753
8103
4452
1575
4385
4818
5064
356
5478
7749
4853
810
6211
1308
9776
1623
2351
7723
9690
3063
5363
5677
3915
6676
7258
1886
744
5791
8804
3867
8891
7857
173
5493
9755
6377
8237
7432
701
7341
9399
3019
340
4834
8574
6472
7315
2952
4779
7543
8868
7898
5445
5669
252
4381
2705
6330
7665
4209
4895
385
3673
4448
13
5504
4898
6761
4274
1131
9916
5894
268
6871
5006
2775
5060
993
8930
207
5421
914
1537
7379
1315
6180
8334
9223
7985
6038
7535
988
3274
6445
4147
5572
3244
953
8699
235
60
7455
9756
5987
2825
5031
7701
3253
1975
6216
9543
4849
9268
6869
3099
8
9744
6079
9136
7223
130
5717
8740
3478
2644
2180
3075
9251
7249
5369
2786
8113
6917
9449
9191
7076
6385
2705
2197
6335
1728
2611
9396
8093
1801
4431
2627
180
2182
8674
6256
9987
9323
1690
1098
7489
930
4012
4767
3666
4699
7097
4033
9788
1377
1024
3795
8330
3028
5927
2195
9087
8903
4826
9564
1523
316
1034
5654
2814
3263
6269
3659
2059
2619
3152
634
9588
5158
3585
492
9300
4473
1157
8164
5620
724
3964
2687
4889
3416
810
3913
4468
1104
4355
4107
6167
7103
3508
6021
5594
5063
4924
1096
9291
790
136
7264
5771
8227
4387
3733
3917
3791
3651
153
4954
8397
9388
6782
6728
337
3993
4289
1261
4509
3198
9294
8295
8177
2173
6417
288
1841
9899
6363
1777
163
7474
637
1126
5331
5584
1478
1153
9117
7038
3600
1945
6325
2651
2115
2619
85
9791
6970
1073
291
2495
805
9336
9206
9566
1134
1301
7314
9118
6599
7563
9796
6907
9889
350
3409
7922
38
1843
9376
5680
6767
1424
8424
5783
4384
5634
2479
6713
6697
4026
5598
7954
6760
4072
5237
1523
1206
2861
2650
9052
7854
8767
6675
3703
8062
3457
9239
6034
4148
8797
3979
4760
8832
588
2675
5542
3924
6805
4942
4630
1967
889
1513
4430
6043
2901
3582
1410
3731
7593
4528
2649
5590
4481
8157
110
623
7685
4047
5736
2816
5846
8516
1966
1024
2166
8537
873
1764
1324
4900
4275
5519
5361
7882
7569
9313
3276
2595
7342
8915
4695
778
1260
3396
6524
7934
4018
2108
549
2945
3282
4350
3732
5564
7186
2549
8353
1375
9710
4845
4268
8958
6537
3391
4362
9739
6325
2816
1636
435
5298
3534
8273
7941
8399
4019
7713
7115
2719
5517
2658
780
6391
610
5759
1923
3471
5864
7850
6172
1988
5786
4180
9348
5475
2531
562
4484
8829
3857
1119
9243
1221
8432
1956
7628
2874
8852
6361
5720
7649
2275
4135
8843
5583
6721
4559
7025
6259
8821
8036
3742
4653
2080
2836
9368
2221
1748
5007
4415
454
9318
3599
3321
7813
8969
7387
756
5307
4009
8413
5916
7532
7220
6175
2377
2538
3834
3973
6014
7499
3658
9290
7225
8518
6782
9960
1204
6708
9995
6985
6606
93
1003
7916
4982
883
2917
9840
5208
6628
2089
5775
3726
6465
9353
6219
151
841
2917
7877
2727
4446
1647
1419
640
3888
132
7434
5296
1985
4387
7733
5402
3907
9489
20
9006
8099
1488
738
7782
5191
6907
1859
5388
3146
535
6644
5040
3485
6397
3888
7731
3112
5583
6706
7038
1705
3308
5451
9284
6049
9022
4692
3136
7646
9992
9959
2006
3250
8311
5260
4673
8829
2187
5110
8295
876
7740
3249
6746
1663
1353
6006
1775
9329
1990
9202
2911
123
8133
401
8740
8590
5819
8023
533
5583
1379
4315
5167
4808
8113
9733
6715
17
7947
6258
709
7901
337
5638
1039
1055
6071
7248
8190
455
8755
1613
1307
6641
8825
1577
2420
9469
9113
3313
6119
2163
3810
2682
5404
8687
203
3204
575
4731
2298
5205
8288
2510
1363
1423
6683
77
3679
4959
4662
4553
4173
835
3523
7369
7424
9355
1988
696
7126
4694
3776
1023
7200
4720
5442
3614
1396
4916
6636
8699
4009
1112
306
7943
7627
1639
198
7771
2876
6692
4570
174
8350
3771
9746
9456
7314
9004
1384
2971
7732
4692
2930
8631
3939
3178
5802
6301
8629
7798
9036
6787
2941
8478
5212
6043
3569
7653
8527
9796
4616
8814
425
5317
8454
3477
2910
1503
6449
3789
7449
6435
1431
5503
3616
3523
8121
7809
6345
9251
4720
1891
1395
2508
6582
2776
6784
8513
4956
5919
7846
6350
4172
1666
1204
4082
5944
3767
4345
1218
1753
9207
2440
4882
8583
1547
4589
382
2618
950
2720
8203
1433
6645
6443
9964
3833
9692
7471
7690
2373
9462
4651
7744
7189
1237
4103
7664
375
1976
7754
5873
9698
6175
6516
3388
4849
5683
4733
2318
1308
6986
210
8478
5483
8693
6458
4365
8136
4445
1914
6815
7710
7946
6473
6833
3182
9607
7460
5445
7889
9978
380
4016
1356
6225
3464
2125
9345
6660
5000
2840
9832
9103
8053
3409
8065
8959
8388
5546
3608
6807
3088
9329
7385
7470
9062
2671
5221
3329
9901
4053
5931
3183
2191
2133
7773
1848
2482
2062
1317
1557
8479
4076
8374
5776
2568
1823
7905
1226
2545
3479
1246
6846
280
1181
5946
9992
6810
4482
4462
5746
5518
1054
510
6189
1078
5297
2202
7926
5047
616
6910
3639
8439
6985
5834
7327
7412
9129
1286
8918
243
9744
9134
7890
9960
141
3043
555
2720
7784
3632
9298
3609
3985
3767
6344
2313
182
3165
5787
5590
1570
5667
6917
6426
8800
6822
9381
6743
2260
8843
3617
2629
7683
8454
7180
9914
4893
4312
6754
4426
1841
9300
429
1034
7052
4680
4664
2691
4926
9067
5379
4024
4673
267
1170
5333
7427
5319
2936
6695
856
5535
6119
6087
948
2316
8518
25
5267
3577
4785
2475
3722
7955
9681
2737
8591
7126
1660
4792
2407
1861
4670
7770
4277
6299
4692
5024
791
1602
7193
1494
8235
9368
2425
9099
2108
5539
1938
4839
6606
4401
7204
1044
2545
703
1183
6726
4387
9368
4848
7920
9395
172
85
8134
4458
1914
9860
8041
1372
3936
6657
8833
8063
7878
9803
1238
9702
1613
3134
9405
6407
2777
4662
932
4598
2181
5281
3388
9879
622
21
1577
2069
5203
232
3007
2532
6047
9256
1060
6959
1165
7712
1638
8033
989
1299
2073
742
6751
6774
9185
8408
8886
8679
2228
3373
7702
303
2793
2946
2177
4827
7202
8065
8339
9092
4760
9752
611
9138
6180
3204
9764
3685
7649
7938
8209
5942
9898
5755
6193
9408
6188
4714
7019
2541
888
2498
7969
9247
723
5619
2599
9995
2535
8432
1992
4622
7198
4615
243
292
3318
7275
6906
6574
2124
2184
1211
5968
1464
5396
660
7645
6315
6374
4812
8925
9351
1073
1508
7852
154
8773
1032
1155
6368
2235
8542
7339
5979
3341
5553
3197
2970
6933
2228
6406
3407
6383
9727
8647
5150
9040
4013
3730
5410
3002
646
565
431
4592
5966
9414
4388
9371
5945
1182
1475
7036
9732
8068
9967
8972
5612
9002
2183
6698
5076
4070
5191
5776
6419
1533
4246
708
9266
7671
7031
8525
8136
9510
5783
8973
3590
3492
7441
9620
665
2199
2897
5789
3779
7645
4289
3732
8322
8720
5719
2099
3330
9515
2752
2316
4174
6024
693
7513
2226
8632
341
5507
9845
2304
670
8183
912
7133
1762
2265
9382
9605
1467
7117
7325
3216
1586
7206
8991
6187
6841
3724
4152
9338
794
9054
8583
7159
6917
7391
98
1271
6543
2133
996
5105
2064
9285
2250
739
6316
53
7405
9254
4460
3936
3788
4494
3410
6412
9140
8572
3772
2837
7345
1693
7551
859
7892
5342
6138
424
4339
1928
1602
10000
8379
3400
4938
4157
2674
510
546
8837
279
266
6634
6492
1883
1541
1169
215
5576
7093
2790
6209
1739
9624
8448
3821
4192
4675
6164
6328
4080
5544
2153
1860
8769
5463
7682
9993
5330
2374
2064
9968
3887
2731
9934
8929
5994
1988
6016
5276
987
5981
6803
898
3640
5909
8349
4690
5689
1794
7863
3977
3471
6001
4469
5079
5612
1256
3135
1006
5662
9647
7241
7006
1021
3070
8134
3402
2244
7756
2467
833
5210
5165
1515
161
3713
5645
2810
5520
1267
5108
482
1046
8129
2010
5831
2630
6749
9707
4018
1099
1903
6544
1184
4209
1006
3747
4159
1547
7526
1018
3850
4870
2636
4294
1531
1937
3311
8544
539
1427
4867
6435
7710
7076
2647
3528
3580
6955
1512
4127
2281
5869
4494
4736
9945
7135
1303
3963
1206
9674
4973
3171
6984
1478
2021
6282
2397
1427
8968
4426
7095
8896
2985
4103
1564
6505
7550
9648
4044
7037
845
989
3826
7321
7286
66
1980
3151
4309
9518
5869
2015
2421
5859
4850
3177
2192
2611
8304
155
4770
5317
6791
6695
7486
2881
3450
2890
6678
62
5103
9923
5164
6439
1632
5458
7230
7925
6709
9398
1525
6541
5309
3824
8158
1555
7170
8763
1770
4707
4061
2700
1975
4121
4465
1238
8993
4464
6753
9178
3475
6610
967
4977
5954
719
8042
2000
2098
7895
6211
9121
9801
951
780
9820
9386
7252
3198
4878
4599
8693
8940
6355
4418
5934
92
6753
7287
907
5446
2741
9415
6478
4579
9943
1806
9632
3041
235
976
6653
3918
3174
467
8696
6805
8339
9336
7400
465
8609
812
6680
9035
5118
1326
3327
7880
2717
8142
2490
3615
7230
2250
9377
8982
95
5076
7509
9520
6310
3004
4691
613
439
1800
2638
7550
2501
6151
2303
7587
4584
9756
1411
9231
9407
9080
1072
9616
2869
3237
5741
6715
9196
2411
4196
9052
3481
8697
4737
118
7660
9313
3023
1670
3797
5815
7953
5279
9821
6498
6155
1462
5025
3427
1753
1496
4838
9395
5957
1764
6419
9496
2552
7513
2980
2896
8070
6909
1652
1777
7789
5128
1586
7808
881
2905
6346
7322
868
3862
8855
8677
7391
9503
628
1392
8117
2867
4317
5058
5479
382
367
4218
5615
3788
4077
1630
7602
4978
2370
7368
4827
1403
828
6601
2599
216
6191
2676
5120
3120
5403
5074
7390
6019
152
926
6323
5781
7444
7221
5121
6972
937
8116
9047
8983
9307
3920
6455
6937
5987
8476
686
2793
3319
8812
1747
2928
6340
8377
2643
8938
5726
2025
3746
4004
9987
3213
951
4486
7115
5173
68
1557
5040
1822
1370
2157
6680
2995
9020
6452
6718
6560
1237
4647
2671
6182
3118
5516
8064
3811
3201
9817
1375
860
129
7365
2190
1218
9762
9184
6313
1487
4126
4879
4936
2221
3679
4040
4067
9362
1783
8534
849
1181
5856
8676
6235
3774
6726
1002
7245
8384
6190
7029
6458
4602
2036
353
6146
4352
9378
3051
2494
5171
7507
8509
6278
966
2884
9193
155
5933
1161
1331
1698
7072
801
1060
4322
4979
1908
6991
3614
9082
8372
346
190
4104
6147
4251
6430
5517
2716
3053
4822
3053
7264
8138
5837
2281
2276
6167
4286
4847
702
6844
7503
6418
2647
5972
5590
9799
2735
181
3618
5731
8718
1763
1397
5602
7689
6458
3360
684
9421
4798
2046
3064
5952
3212
4501
7469
9824
3723
6330
7959
2594
7849
768
2136
9681
8574
1726
1178
7280
6819
7893
2070
7924
2233
3624
960
8796
6133
958
5103
8661
5384
684
7849
2054
2081
3963
6284
1105
8041
9497
5127
2173
3352
3656
9317
7167
9093
618
8476
2717
8027
166
6111
5397
9192
7717
5480
5333
1277
4536
8382
8796
4298
8042
7274
8453
1746
4593
9406
4680
1894
2318
8431
2317
4216
4091
6733
3535
2803
1400
7870
4721
5205
2270
5034
1154
4714
57
2373
7906
6495
4786
3738
1675
4311
5910
9684
9636
802
6907
5562
7168
5472
9795
6545
5480
6482
3992
1755
4886
8658
695
1137
9687
2978
2739
8955
1972
6659
613
774
8157
8669
5302
3618
73
5266
2736
4416
3321
1369
4749
2243
8059
8104
8457
1639
4957
7593
4238
6535
268
8850
3258
439
4021
3587
9891
6466
5762
4665
100
5608
8393
7933
1597
3929
5142
475
4871
1708
5884
3692
9436
6108
4630
833
5646
4389
6375
545
9381
4896
9943
5825
7489
7278
6062
1522
2504
6450
7396
3065
7947
9756
7310
539
4470
9642
5243
8636
5602
4300
1709
5498
2083
930
6978
9236
1197
7984
8034
6270
6417
7554
6211
4807
6075
6516
1379
5950
1097
9018
5293
3960
8743
3877
2419
9123
3395
5472
541
4233
8484
1561
736
5440
6538
443
6598
8093
4818
5200
9283
898
5514
4076
9130
9854
9303
7658
481
6537
5867
1582
5101
3682
2255
2063
8630
2568
5136
8497
1144
9395
5118
4153
7817
1712
8415
4378
3950
2676
9744
4650
4023
1017
4040
8070
1800
9843
6734
8191
4044
3245
8811
94
8650
2078
8799
916
6270
5303
8796
8016
3439
6569
6324
994
9523
3484
3901
8416
3890
4464
2318
6684
6537
8643
3783
6021
9875
9823
3714
8440
9163
1599
1757
2520
1587
3450
8041
292
9733
9050
1153
3076
8166
46
2406
5665
459
8111
2620
131
1754
4341
4626
2759
7896
6090
9462
8606
7410
3395
7746
3229
5540
5837
3182
5466
2444
7135
1246
7673
916
9429
9245
571
6878
1658
8872
1077
8431
7032
6002
9323
6568
2465
2555
4742
7214
3705
6686
2874
4534
9503
1033
1736
5564
5031
3938
4648
8054
2351
8324
6727
9457
336
5241
2229
1902
8633
7013
1150
5924
9558
7916
2416
1250
5609
9475
6300
1547
7332
5653
131
7804
9635
2437
2748
431
5841
5443
1909
3102
4227
6761
539
5679
4960
180
8280
1131
7007
656
2982
5854
7961
3109
5265
4869
9991
2691
4041
1900
4462
8102
7716
6674
8364
1686
7366
7973
8201
313
2315
761
8544
3282
6811
8966
1288
6748
1053
2998
7218
2199
8053
7487
3596
3234
6560
3692
4234
4595
1208
5671
8395
2578
7748
391
6634
7797
9596
4920
9229
7140
918
8923
8866
469
1263
1040
2303
9257
2626
8593
5863
2402
5644
561
3168
8055
2177
9636
9152
9062
3128
1584
6369
7638
9272
1879
4955
8135
9879
9471
1669
8942
5242
4742
7803
5427
9760
2403
4259
4729
3918
6123
1472
4178
6660
9700
6937
3689
5743
1077
6465
3160
3802
4035
4551
7939
3559
8043
7198
4008
4875
5581
7741
272
9007
4201
9747
9459
8793
5514
2320
2022
951
5196
2143
9166
8866
3862
1101
9120
579
7892
9191
1816
1769
2915
3269
6817
2257
5728
1544
9495
9635
9384
6531
4207
1887
5236
5483
4937
6065
6060
3883
8313
4860
901
9696
1152
2428
6105
4815
3213
500
2829
7065
263
105
5713
64
2567
3661
2291
1495
6428
9743
3769
1810
9177
8966
3416
3694
1981
5435
2494
790
867
3723
1192
6203
5952
8706
5322
7738
862
7699
6999
9318
6857
2827
2640
2882
1721
9325
87
5902
4998
4037
1362
1753
1779
3486
540
9297
6859
3987
6441
6960
6322
2799
6826
2148
9031
4385
2748
6881
5796
7233
7209
1740
9205
5006
3771
6745
4020
7392
3264
4207
1620
6622
2723
2023
7440
4277
6360
1396
7632
1548
4486
9617
8545
9013
4349
7488
7327
3052
2608
4184
1830
3138
5894
1801
9376
9210
3325
5721
7311
4146
163
6291
221
9994
8770
9057
5195
4357
5949
8217
2488
9085
9444
5020
2743
2117
5809
5674
7926
9246
5793
3752
3759
9487
2393
8539
9599
6280
582
7254
458
6551
2374
1762
9271
6752
7039
248
262
9149
276
9375
9677
160
8932
6897
4081
2027
4535
7608
5559
6349
8331
8373
6218
3639
1080
1644
7257
8869
8578
4454
9665
1577
4518
901
2641
6788
9132
3103
5284
1613
2258
1022
7002
2134
5473
5534
3775
1171
1761
7581
261
5418
3731
3335
162
2234
8541
1585
3074
8738
400
8353
8927
5149
1160
5075
5420
4305
8400
4979
4470
5334
3982
5195
8004
3293
1850
2316
6593
9327
4169
1569
3769
6765
3046
2937
9009
7839
2019
6731
297
4286
7204
1127
8285
7456
2496
3031
521
8891
5670
8995
9292
4366
3862
9102
9188
7853
5298
9661
1952
6507
5420
7031
9432
9135
4026
5466
4728
2354
9856
1922
481
3286
4241
3395
8490
9600
7982
2584
2601
41
4312
2724
9865
1705
1389
8092
2164
6795
1021
2177
2656
3859
65
9273
8334
4914
3485
6778
40
8738
4058
3143
4410
7813
5518
4290
3913
3345
1814
9232
477
8400
1342
3998
1382
3525
9962
8285
1786
4164
1322
4775
8929
7287
6496
8943
8796
6128
4647
5537
8880
9330
7123
11
4396
6450
9389
5901
7142
6768
2605
190
1970
7793
4606
1341
6465
245
1246
691
4944
5262
2363
4910
5081
8785
148
3648
8593
4946
7496
1560
842
3163
9648
3158
1180
755
9134
8845
2535
1892
3496
1999
4124
9285
820
7710
3687
1953
5513
5089
1369
5348
2243
5652
8617
7834
7329
3755
2212
5794
5436
3990
2332
7078
5516
1175
6189
5289
8292
3310
9387
7170
9666
7741
4713
4702
2143
3547
1766
6387
8238
4165
5575
809
4754
985
7757
9231
7179
8504
3875
4139
663
724
5713
8172
4041
614
8170
1969
625
5944
4889
8039
5618
1450
4831
1426
6967
3327
7077
9371
4381
8077
7788
282
3208
7558
7392
5783
7143
9427
9867
832
4694
3356
7307
2483
624
2340
6054
4747
248
6542
9496
8424
2116
5106
8817
2985
529
8387
2020
369
5820
415
7473
441
2328
3766
9322
719
3073
8397
6993
7840
4618
6486
4080
1122
2436
7596
2114
9472
9287
2099
2038
4120
8943
7618
3038
129
4080
2725
3022
8620
5101
6024
1445
4961
1354
6304
1310
9976
9394
5291
5731
6177
9710
5110
5335
7830
140
96
2238
404
6917
539
880
1712
9648
7716
6452
4107
4577
6039
1652
4643
65
4503
6016
2034
2804
9866
9804
9833
3476
3006
2448
3184
1102
2058
8867
3142
6465
759
287
5503
4074
9270
8878
3716
5573
9293
3148
8253
6681
243
7756
8786
680
5769
629
7358
4415
2542
2379
8887
5083
9602
6897
7534
505
3357
6680
6536
5442
4799
5601
3150
3464
3970
7085
9679
696
1449
8100
2962
5576
3737
4511
1485
4636
5885
938
6345
6616
9252
1427
6668
9263
2022
1125
7396
2762
8398
6416
4126
2263
8994
514
7604
6575
7174
1847
3813
7667
7532
2031
4247
3956
9174
9957
8134
415
1023
7103
3921
9529
9903
9503
2024
7422
308
2457
6352
4054
4283
9618
2217
1746
6466
7010
4914
7044
8259
9558
5050
9516
3805
4762
9694
3344
1838
5157
8819
2726
5980
210
2802
5152
2283
4346
1446
255
8572
65
9508
1552
6941
9550
4799
9459
1634
6899
7173
8600
5509
6290
1725
9074
1701
3232
912
865
3006
9466
9150
8053
1743
3163
9080
6961
686
1524
6288
289
8139
9079
7458
6918
8125
4126
7294
1229
6030
1052
8556
5567
5149
2989
8656
4209
6229
1009
5775
4793
3449
4843
8666
7752
804
1755
1148
9529
6881
3810
1767
5539
9042
250
157
910
9052
2792
1159
7887
534
729
7997
6911
9664
9480
2958
8342
3147
9047
6250
8892
6328
887
2825
9127
5017
6463
9379
6395
7243
7013
1819
8582
3610
2226
2163
4865
5050
527
5362
9548
8195
6031
8940
5547
3196
1930
401
5495
7074
2335
1750
8346
20
1185
8451
2798
15
5706
2567
3439
2808
2821
4811
1036
4208
1192
9463
3559
1294
8328
497
9129
5042
4987
3530
2452
6900
6224
1665
2472
3686
3158
977
1099
5540
5362
3125
1074
4545
2392
6965
3869
8254
792
6673
4187
3709
3492
2782
5146
7366
4638
9088
5268
3199
3670
9037
413
1734
3361
6888
5443
3760
1549
2754
3361
6931
9094
6723
9574
5375
9955
1804
1570
9589
5543
5049
8016
6417
7666
9390
7214
4264
1727
9447
2475
9942
1833
2691
7754
2998
9936
3995
8004
77
4197
7057
3589
3318
8154
4891
8332
5163
3903
3644
8505
554
9630
2587
9388
7427
4861
4817
3330
9984
1678
5388
4422
3083
2005
3192
6157
553
7705
7605
9302
9989
2745
3006
3516
5384
6274
2492
1295
3715
967
4165
1346
8218
288
4496
7302
5794
8323
756
7155
3397
1205
8598
4813
9520
7927
11
566
8879
2646
7602
1128
702
2104
7931
6762
540
2076
7505
6626
126
5023
3305
2809
404
4580
6005
3504
6523
6158
1513
6629
2770
126
3972
4013
9539
7374
7121
8843
7953
4644
4447
48
454
7213
9060
7777
5382
2383
3406
2140
9799
2556
4788
2759
4816
2831
4332
7222
3882
982
1306
9419
3987
953
2409
553
453
6930
8772
1548
9059
1310
6022
6402
5251
6346
1611
4373
862
4207
6750
7073
2827
491
5456
6712
2267
8249
5573
9958
2809
5611
501
5128
9577
7237
399
1405
9747
8530
2804
8532
7124
1583
5140
9193
7641
9640
4546
3576
6736
1772
5442
1697
5607
9287
8829
9789
2325
9279
6593
1834
8432
1655
4013
7345
1941
1531
9938
279
7350
8868
2725
9104
175
9791
483
608
6292
8590
7446
5511
5537
6150
6155
5934
4510
4920
9676
3060
8666
6737
7142
2951
8114
7042
6247
8192
2975
2401
9299
8455
6100
3110
9184
1909
9267
9926
1287
3781
2376
3197
9122
9211
8954
5692
2168
189
264
527
8903
9409
7433
7982
422
7328
2665
445
4971
1625
8578
9032
4205
5428
5586
241
4339
8488
8877
4750
50
8147
205
5184
6750
6431
7790
6230
6905
4796
738
1633
2759
1904
5688
3604
7555
5753
1487
4765
6
4286
1978
2029
8347
8092
1659
29
1399
2212
5940
3522
9284
6180
2089
1698
2579
3353
5074
1687
5626
2686
2545
9409
1124
1177
7085
6132
301
640
2747
3118
3703
5295
8191
4637
8084
7102
6376
5169
2368
8186
8405
6809
6216
1838
9735
6786
1967
2615
1068
1244
1544
409
5519
4255
1464
1369
5213
4370
369
1612
9795
7998
2276
7410
3774
6773
1305
5960
3153
8467
3422
4317
2599
5456
9804
7650
7693
8394
8216
5521
8351
5780
6990
5
5383
4876
2562
2881
1669
3415
7178
7577
6927
6743
4957
5180
5650
1679
3931
8285
3481
9247
933
7142
4226
4894
9502
7269
6770
9503
3521
2541
8736
2398
6885
9003
2115
9230
8255
9591
7866
1105
687
35
1137
9574
8882
1072
2361
8601
120
2514
5523
6660
3405
2041
9715
8276
8800
3664
8552
7714
6010
8448
3517
8130
1741
7844
5395
4150
2219
867
3900
6327
3576
925
1270
606
9243
5162
9554
602
1951
32
1224
8395
6933
570
3799
9921
7379
9622
4024
4405
6462
6697
1738
6183
8831
2848
5965
9650
7237
3696
5275
889
5574
5652
1713
2385
1623
9179
4241
2606
3721
8323
4188
2695
7226
8402
9082
5698
6681
1047
8810
9147
230
3732
9530
7366
1027
7095
6624
3658
5808
9389
6064
2859
5815
3123
2078
6237
8682
865
2396
6151
6105
4258
8876
4112
3514
355
5729
6687
4366
3162
1865
9176
1428
1052
7680
8430
8051
8377
122
8609
5207
4707
2051
3162
7524
7625
428
5383
6215
7016
9918
358
7891
8908
3119
2389
4816
544
4606
335
9935
167
6734
9627
8638
3516
5230
6329
3591
6754
6720
2476
2359
2825
288
7484
2064
5109
1664
8755
7895
1100
5479
9954
8503
6101
9307
2616
3056
2180
1532
656
9419
1043
5901
2735
3102
1736
8105
4563
3807
7639
7762
6467
7212
2432
1988
8923
4129
8828
763
7202
6947
2155
5426
2885
4371
3218
4299
1671
5477
3412
9594
6837
2746
3368
6459
8342
8334
257
2150
9202
4957
4380
6670
6877
5955
7220
6443
5934
3947
225
4535
1522
8364
8395
6114
1649
5162
1531
8638
4569
3722
8261
578
3885
3755
9089
2438
1363
5573
1217
599
3231
9238
2762
3424
5476
2931
8363
8731
3419
874
9438
3370
6216
7366
5088
7802
995
5818
4124
7518
4455
9624
5410
6700
4863
3683
9970
1346
5327
9486
5862
4543
743
22
8926
7484
9758
5009
9692
9077
186
365
5377
1558
5697
391
7270
5661
5759
9650
477
326
978
2355
3668
9537
3795
2201
5243
2108
6852
9538
6526
5389
843
4040
6179
1041
4410
3212
5793
8547
5235
3640
3787
9974
4888
4780
9088
1859
6624
5785
7374
4869
9092
9365
7988
748
490
1893
9916
1002
8759
7755
210
1158
8050
8527
4001
7074
4185
2174
3056
8104
4954
9553
9578
6636
3536
6163
5342
1888
9423
5324
3601
460
3904
2068
8722
7053
9567
1569
1697
8539
2106
8668
903
5896
6256
8823
7201
1735
6874
9641
9405
4371
586
9324
8702
1706
8248
1453
8672
8273
1781
5546
4895
3840
6751
5941
7808
6492
1547
6344
5988
1388
6379
2434
6207
3202
6195
6068
693
6280
8544
7197
8052
8109
406
5485
6512
4202
8962
8010
6515
6153
8005
8626
8144
3181
1021
326
9007
8759
6355
5941
2265
7923
8003
6600
4444
4693
799
4306
3277
8402
5933
2703
5445
9065
5528
1151
5893
2902
3867
7978
8930
4680
3830
5097
5269
7318
1465
5479
7572
6753
8082
9660
413
6391
907
5816
8345
8110
2997
712
9767
7852
3284
305
7779
5817
5294
655
1200
9723
7777
5492
6220
2017
9923
1498
424
6660
428
3512
7954
269
7576
1020
6066
264
2932
3365
4073
7143
6735
9859
949
8322
1305
2159
7882
6984
3011
5060
5701
5446
1213
4777
818
5703
4018
9370
60
4005
2711
4919
6554
8391
4280
6972
3415
1784
234
1333
731
202
7200
7950
2929
1554
3267
6976
6978
1325
4175
5127
7925
2835
7743
4747
4327
2895
8013
8906
1691
9930
3496
1318
4251
7223
1157
329
3064
3424
8331
8549
8592
2728
993
4749
3683
2989
5111
4810
6311
312
2845
4165
4619
3943
3140
7220
2840
7350
4068
9831
1366
1069
2736
2691
5182
6248
9091
2627
2242
1645
4564
3157
798
7454
4431
4949
9110
6546
4334
6298
2932
5323
5857
2754
805
3400
5504
4669
296
8822
6296
5120
5033
4875
5457
8697
7364
5909
264
600
5459
2684
2958
7476
539
9397
9550
6580
7332
275
3459
7386
8874
6857
5253
6474
2865
2231
7579
8230
246
3053
8517
2358
6106
120
8284
6798
62
4827
4513
4854
5278
7241
7159
6721
7674
49
7086
2502
9697
8461
3654
7072
6264
2620
5996
1756
666
3215
6086
4712
4214
4039
975
8312
6051
6031
2900
538
9624
4153
6230
4040
2072
4096
9396
849
3230
5644
4085
1987
1124
1900
8723
9029
9364
4013
1966
5917
7700
645
2940
4548
1509
7486
8425
6418
6075
1543
2405
970
680
8660
6165
4309
2676
2632
4372
6611
9586
564
3002
2340
2608
3461
5016
3744
2606
7278
5658
7122
3570
2107
2893
8968
7477
3525
1821
8508
8295
3138
7020
198
7693
8420
9693
6877
1806
2638
1251
2025
8419
7109
3796
9946
5915
6200
2759
504
7876
5765
1116
784
5675
6807
3097
4083
9988
3517
6760
500
9265
5387
698
9478
7405
9142
5180
1145
978
9081
3526
1092
1044
3137
3038
5487
3585
4132
6586
4294
8952
8620
4999
568
199
9900
3900
8917
190
8876
7604
7594
4513
9196
4578
1382
7951
4287
2373
601
8964
4774
3616
2864
2009
3019
7388
4163
3451
3527
4429
8155
6622
6150
6676
925
1583
3066
5280
850
2282
8037
3089
3035
588
4001
3748
1380
8744
1658
9880
7974
9796
5651
982
9218
8606
1766
1068
6445
4208
927
8114
8328
7472
2504
7098
7566
4426
8274
5708
9546
2292
2065
3326
2551
1782
2904
4548
9620
8714
9299
3660
7201
5472
3707
7646
8368
3904
2929
6223
1616
1248
4390
7826
4691
2807
250
8984
3339
5491
9345
1441
6048
8908
5647
911
9271
3514
5177
1427
9183
3976
1951
9979
2069
2118
8161
2659
1270
4811
6559
9863
1516
9557
2390
3301
8606
9658
2103
2191
6853
4635
9085
5271
8732
8426
570
6333
9833
1429
3395
9327
8621
9700
857
8553
2703
5772
6427
4738
3824
7314
927
6465
5940
387
83
3296
5883
3639
425
6393
4632
7066
8784
6897
2883
4991
8315
9494
5295
5297
88
648
6190
9335
5578
7175
3923
2042
4066
5134
3725
1430
5688
1926
681
2953
3238
7045
7051
6690
2687
3018
7798
9215
7404
3642
7001
3065
2494
9066
4523
9180
524
4765
7716
9192
7862
2800
635
6727
1680
4336
4859
8680
3977
7283
8140
7492
2291
4327
8392
768
5029
120
6679
4877
2788
1331
6355
562
9810
468
82
7489
8599
2676
1304
8990
2117
1502
3689
2399
3845
7330
3724
9732
7345
1997
6444
3810
3313
2977
4595
4434
8796
7251
2487
317
3569
4524
2590
1306
9442
5897
7414
6168
7263
3600
6871
5121
3144
8442
4612
1436
7146
3578
2765
6528
3919
467
8487
1403
5819
6086
7515
8201
4008
2040
5028
830
4270
2781
3561
4351
3255
7398
6711
5180
2456
1327
676
1104
9094
6892
385
5370
6827
5416
1930
8566
1620
4782
6957
7688
5149
1208
161
1013
1112
7865
8099
3400
7716
9971
8067
4781
7742
7775
4272
7221
1947
1317
1635
6542
7921
4740
4875
6751
9110
5875
2211
4610
9410
3826
678
8950
7348
1719
7769
5909
1328
6946
5084
1081
6057
991
8222
5666
8291
1992
8373
9164
169
8480
912
7611
4828
4117
7598
4377
5185
9082
9985
525
8673
4816
4716
7263
793
6289
9805
4342
3069
1473
3234
2210
8503
796
873
6640
3101
5758
6700
8449
2818
2412
8906
4570
4709
770
2304
7174
9167
2296
8830
3895
7082
9076
4185
7468
6533
1064
9678
5902
3806
6506
8731
2906
8676
9517
1257
861
5998
8458
4479
6983
9341
5145
3808
2272
8319
6654
7519
8879
881
6487
6679
7799
8004
5609
7388
5663
2205
1302
524
4706
1733
8917
8819
5867
1039
6031
1062
4723
6646
4817
4157
7268
1572
6068
5618
6401
4553
8895
4307
5352
733
6177
2101
784
590
1466
9687
312
649
7194
9951
8568
5814
1342
9116
5310
9025
693
2309
5871
9414
5202
5177
3893
9765
1874
349
9307
2724
4706
4770
1028
8954
7564
1886
7967
3264
7384
9390
689
5959
6548
6913
3934
2584
9991
61
5823
6685
6216
7854
9817
8307
1080
5146
4416
3749
2365
8793
4590
4778
8453
1291
