3544
7251
1125
1343
5192
69
7442
3937
4862
9424
9073
1712
9735
2401
9023
2613
1708
2471
5045
1353
68
2276
3415
7379
5577
3266
9469
2858
8998
7554
4564
8456
3115
1821
6443
5332
6304
7394
5452
6768
2215
7766
1304
9591
7004
4371
7838
6764
6356
4286
2660
8065
1267
9731
4744
7652
3447
5729
3998
1658
7566
3174
2987
5747
2928
3241
7297
4974
4035
5644
3268
7935
9490
4091
3603
912
1297
4302
2950
5138
4207
4867
7216
4604
5919
5354
3189
5087
3710
6626
8314
5711
1996
3554
1409
735
3227
5877
3237
7233
801
1760
8834
4706
1205
6205
4932
7976
1955
1123
701
4087
8992
8168
872
9459
1177
3356
3965
8405
4314
4639
2738
7346
9689
109
115
7656
282
1877
6568
7963
1301
6285
6464
8809
7630
2534
3613
6314
1199
6031
7625
3042
8159
5386
8028
3036
180
9702
5450
9598
4844
9531
6438
8605
496
2745
7930
4760
2271
8224
806
2415
3886
7878
5511
5651
1258
4975
2024
5101
574
9860
4518
8838
8070
9320
3148
1074
4029
9463
9277
1484
1570
5900
8859
7049
9041
684
7181
9717
406
2055
7147
9708
4658
4081
1359
493
5659
4887
712
9944
9630
4054
8999
7911
7464
2287
8327
2898
8436
1899
5211
5514
8152
3214
1132
4155
9303
8455
5525
5598
9432
8108
8181
7638
4682
8780
181
8291
4221
5259
5504
210
4778
2802
3299
4119
857
9773
9578
2783
5990
6046
1066
3960
4086
7501
2755
7079
5559
2752
3283
1468
523
8379
7494
8481
4017
3681
2256
9704
439
394
934
8785
9228
7823
4798
4349
9566
4517
193
9555
4323
1162
7968
8873
9464
7878
964
9843
8788
2717
2238
1753
5427
2159
6165
7168
8000
5942
3943
5774
322
780
1152
6128
2274
7088
867
26
4636
2539
220
7221
9628
7908
6465
963
9619
6463
3509
1465
2282
9421
684
3201
9812
4430
8088
8461
9971
825
5194
62
2546
2405
2618
3716
8695
2430
1175
5726
5938
5668
141
4806
1090
2703
9936
7724
5077
2146
7669
1780
6739
2579
3608
4101
8194
6461
2080
2860
1371
7361
8632
2164
6812
4208
4754
3280
2091
4888
2069
2039
2909
2252
1875
8341
4595
5123
6173
9802
6940
3564
8283
8920
2417
6165
4576
3698
4281
7856
875
2993
1723
4022
7019
556
5384
6038
332
2834
4945
4668
3106
7174
2836
1261
9576
2165
2311
6934
3246
2090
5187
4716
8001
5005
5446
4356
1701
1452
4327
5637
7402
3704
9758
7350
1896
3222
3711
2278
5319
5712
4747
78
3383
8809
5546
9935
3327
9066
6111
8723
1989
920
1670
3263
6699
5707
4672
3090
3611
8867
1434
449
5177
8609
3744
2426
7756
3324
58
9101
4050
1214
4195
7743
2073
5491
4321
7400
3504
8503
5771
1902
3590
3814
3977
215
8282
5663
3131
4819
5527
564
2047
1178
6531
946
3296
1340
1589
1140
663
6825
2914
1890
3600
1689
100
8604
1038
5687
4202
8261
8253
5951
2734
5764
8184
390
5023
958
1532
3968
75
2062
2914
8729
5002
5684
2082
2097
5328
4190
9345
5501
70
3373
5017
1779
7473
6539
4635
9014
7937
91
6546
8724
1801
7492
7063
5239
7397
7683
250
6612
7886
9863
2898
2750
8363
7825
9570
7395
9704
8812
3694
3717
6966
4626
3877
220
1997
6309
943
8630
1114
4390
1553
225
4660
9894
6807
2374
9033
1840
5346
9411
1182
7672
66
9722
785
5293
1529
3270
1993
746
4634
220
5589
9135
6751
1069
1730
6982
2506
7661
8647
5932
745
8677
7305
5799
7528
5104
461
794
8000
6107
1293
5640
9492
6784
2445
9324
9623
2208
7792
7416
6198
7065
6328
9088
8173
5594
6236
4787
5951
6796
1658
8702
4911
687
9899
9133
318
1826
9449
9763
6988
4766
5691
1392
6285
8463
1464
5194
8967
1305
5200
7158
6109
1393
2483
701
6750
1190
6153
2164
1873
5145
8133
3090
6382
6775
4627
1462
4255
6666
2020
4724
8409
6149
2672
5109
4873
8812
8816
876
9148
4698
6473
6419
1163
9838
4066
5544
9461
4842
8446
6890
8733
1304
7625
1070
1004
2295
200
2368
1622
4024
2752
9246
2794
9745
7166
5313
8447
662
4517
5830
3362
1972
7151
3452
9972
2155
4450
4300
8826
5939
4370
5684
5361
819
5474
6937
6440
369
4011
1648
4655
8226
424
5468
5908
3605
4447
9246
8935
9067
2404
6960
8747
8714
7773
3888
5171
4400
9149
3155
1860
2611
567
8908
6769
6237
2624
6592
1709
9649
9808
5143
6037
2324
8329
4320
3363
8792
464
3192
5653
9939
4770
4077
7577
1906
2840
7257
5745
939
9135
2229
5405
6901
8708
8603
4848
6826
6491
3524
4644
5812
3890
4574
2581
5378
1903
7118
4313
279
1444
5559
9278
6554
297
8623
6070
4303
8585
9313
6587
3447
3620
7068
8599
2960
8868
2652
5614
8653
5531
7083
8650
5483
1704
4653
1382
3211
1750
367
3600
9410
9492
9634
657
714
8952
1424
5412
565
7632
92
1001
5183
3798
5628
2511
5378
9771
8079
5250
5755
5183
7468
6349
3300
1819
6318
3358
3860
6047
7689
505
4205
6592
5345
1565
628
7179
2520
8153
9356
478
8559
5952
8509
9472
4673
726
5791
8232
6804
4553
9614
3247
1492
7451
4443
6337
9029
6194
7240
1356
5208
9105
3844
5873
5600
5105
6090
2483
6348
1948
5593
9855
1131
2027
3100
8845
9630
9877
2588
6289
3965
9138
8726
1722
5761
2073
4036
1049
2064
1155
9278
7361
5284
536
3600
1287
7652
941
3697
4812
2533
1705
7325
9438
5666
2835
7434
4880
4762
456
2187
3470
5872
6360
6012
6045
8951
3284
8943
6215
3176
8596
8006
7430
6017
781
3551
7838
1918
9791
3912
1390
3594
876
9537
3133
2117
4930
3677
8039
7530
3669
2669
5557
433
299
604
7927
1364
3223
9783
3680
2334
219
7750
9535
4104
5626
960
8643
8451
7246
3866
3783
7218
1900
7454
936
8130
6776
3120
1243
1815
3932
3190
4350
8569
6526
1899
5953
4723
3155
560
6610
1640
9754
5114
1739
8762
4525
9245
3520
1951
9404
8662
1580
8192
1382
6661
9573
8379
8744
3487
9219
7154
4551
5699
262
8863
95
3932
4760
5248
7205
7090
2688
1535
7864
7991
3462
2119
5662
7818
3435
6556
7052
6878
7875
6842
6151
643
4176
1921
5247
3433
2386
2475
1135
5194
5055
5714
3251
2514
9932
1684
7463
8227
9291
598
6943
5275
682
7089
5104
3485
6139
2680
6746
65
4190
7950
7823
7679
6340
7893
2192
5936
5117
1354
5095
8955
536
5626
386
6803
9688
1583
2814
8131
6491
5657
7794
847
9326
2819
6069
2238
2262
4171
5336
9457
9600
5608
4663
1607
9169
3706
597
8883
366
2559
5603
6309
9163
4452
9514
5936
7598
8909
8785
2045
5634
8989
9562
571
7681
765
6890
6028
8288
4360
2586
5439
5164
9977
6053
7816
9987
2784
3155
7888
3255
3043
3177
7690
7135
5662
2671
8229
4429
6192
4130
5556
579
559
6632
8848
4713
7209
4152
8382
5426
7426
5048
5675
5206
3400
289
6131
7678
3717
731
69
3526
2642
9910
6733
6537
6075
8025
4955
6369
661
7026
1812
6046
3661
393
221
44
5138
5669
5603
2025
8352
5225
8617
4713
2065
1441
7917
4085
1692
5516
5879
4684
7374
6512
2278
8491
3137
8260
1365
8056
4507
9835
7458
128
2757
7941
485
7413
7466
1575
5658
1354
868
7089
8176
8700
2492
1308
7008
5596
5137
6389
9108
6927
7720
5885
2577
28
9584
5874
4075
9160
8709
5307
3479
1725
4421
3749
7976
1349
6267
4247
7924
2319
3348
6302
1833
2084
9329
3455
1899
3984
377
6487
5111
503
2812
1256
5936
7159
3162
7830
2527
132
9524
8085
4534
2001
2363
2276
9660
9657
6309
5941
4353
9136
833
1179
8809
855
2877
7180
3074
170
6647
8100
7079
4108
1573
5976
2524
2695
3830
4613
2203
4944
3773
8544
7351
8827
7719
6117
8836
6897
8971
7890
5664
2604
6950
1033
9977
3000
8366
4679
2541
5085
9854
4861
3388
9829
6962
5534
2618
4524
5728
4450
3481
8635
5828
6713
2026
8379
7959
8077
3525
641
8541
5219
4167
6265
5466
7059
4896
2471
8172
1184
5684
6955
9487
6094
1699
9011
3704
1537
7435
3469
4162
857
1864
3311
274
3318
2409
9096
2121
7488
1290
7545
9659
9774
946
4186
5217
4100
7470
2994
9725
1331
3200
5395
1859
1748
5462
2118
9493
6591
5396
9894
5858
7121
8035
9474
6547
7448
2682
1775
9666
7617
2351
8642
2255
2710
2184
8355
2352
7376
9054
4151
6189
1749
8239
7351
5659
6921
4083
5883
6654
4164
404
7791
9955
9892
4652
841
2675
266
9650
3480
2756
5872
3322
2418
8070
9782
7913
9998
8990
8936
3266
2525
9013
1206
9655
6561
5531
5602
5048
4221
7761
2457
4209
6633
3068
9534
9028
2273
7354
9871
1677
3315
301
5724
1338
5780
675
2765
7736
9097
8776
5755
9614
7066
5753
8901
9212
6046
1648
5020
9044
3087
4791
9592
3009
8481
9364
1920
3518
8661
8545
3148
2581
7210
9565
1628
2042
2938
6186
2496
4138
436
1923
3077
5237
3942
435
3783
593
1219
3875
6652
4684
3753
4465
6266
5859
5686
2752
900
6256
9576
2185
3289
3702
3888
8655
1332
3242
9108
638
6431
4899
9989
7182
5421
1690
1598
309
4364
5586
4116
5970
4299
2933
785
5542
2397
4482
1019
1882
9425
5077
7340
2805
5418
7307
8910
5198
8595
9829
7935
3006
1374
9659
6792
3839
1936
1219
2338
4772
4712
7790
3114
3845
1635
7334
8719
5340
7521
2942
1431
2602
9393
3405
3420
359
5872
4857
5593
4466
628
4683
1765
5376
8105
6767
9274
4387
2298
9652
336
8172
3277
6777
9707
5564
481
2244
8419
6951
5657
1064
6713
6389
2700
7714
8083
4616
1415
7298
8579
52
4105
1182
8567
3471
9484
6924
1536
7571
8147
5488
6816
4343
5372
8873
3741
2346
267
8149
4427
7981
8000
8154
2883
3316
676
3850
7586
5979
1944
5086
7437
5971
1035
6292
5356
5751
731
2911
4203
602
6590
6421
1097
3259
6231
2020
616
574
7789
3227
6658
4595
4453
1867
6181
1671
1674
2941
9808
3711
8726
3445
3438
5739
2659
263
2272
8884
6500
3049
3443
4380
7151
7747
7738
5216
5579
9511
4337
1104
7017
2524
993
1764
6941
3750
3105
8413
699
6948
7731
8697
1367
4961
1784
4242
2726
7065
3249
783
9441
4795
56
6082
4915
1481
6782
6135
5194
3918
165
7225
1370
2629
4412
4338
7269
4632
1219
2026
9170
5549
375
8676
6065
7402
8749
478
2853
2789
8552
921
4497
9675
6709
6437
3209
3259
3641
2935
2716
9414
5615
4034
1626
2878
4239
5201
7702
9977
2644
1172
2442
2920
918
722
5338
9668
5889
495
6745
7283
3611
2267
4028
1193
3441
8188
3032
7584
519
296
9645
777
6935
2926
8308
1705
2544
9874
3499
8525
2959
9903
894
9208
607
298
4705
1766
7981
6730
6852
4711
3318
2709
7634
804
1212
3318
9755
7659
999
6992
6792
2415
6901
5259
6438
3733
9203
2155
9130
9857
8364
1078
2085
4343
8832
4982
6313
4703
8745
134
6640
9288
8037
1779
4291
6493
2737
259
8043
5337
3265
8048
5912
8906
3745
7307
4236
2299
1410
6365
2597
4514
8668
4609
1086
9202
7853
5565
8949
4405
4371
8238
7276
8494
5854
667
1584
2937
643
1317
2227
6133
359
6747
7067
5736
4237
9296
7552
4798
7342
6901
3320
6811
1504
2716
5173
43
3073
7420
8674
6305
2444
7871
2624
5084
3890
5726
7286
5873
4730
8880
3745
5124
9348
7629
1374
4701
1930
9324
2081
5319
9887
323
4066
9915
4880
1505
9604
9481
4455
8923
3915
5601
9496
1521
8035
2945
9137
9306
4119
3690
8294
5518
9935
4649
5747
3261
8826
4588
7215
5742
9973
932
6127
2014
7527
1273
2366
8262
4684
6901
3189
1636
9602
3564
833
7989
3239
6445
6083
8638
5494
6235
1695
3775
8817
3781
7754
3065
5332
8871
5706
7356
4384
9994
4767
319
3114
5858
3130
8131
7994
8078
6870
1437
1165
9359
8656
1299
6438
3794
248
4063
8173
9030
3413
8710
7222
3403
2129
7589
9948
7781
6394
270
8209
8979
3907
5442
4095
4571
438
3039
7084
8168
2269
4206
3300
3806
2056
728
4498
4452
7349
8401
687
4353
3020
6508
1735
8028
1982
5043
2728
433
8381
7111
1757
9507
9606
2311
6160
27
2572
2267
8759
8827
8613
430
4028
8602
180
2131
6595
5482
5747
853
3842
4233
1968
5463
2083
3504
6384
4373
5159
7634
5503
5714
9960
440
6101
931
2074
4351
4792
8754
8991
1033
38
4553
6977
1673
6549
3685
8140
1221
5683
3815
6843
6233
8835
5677
8468
8702
1668
2599
9140
4165
3805
8082
3424
6464
6523
2741
3569
15
5183
3208
7681
9739
6281
3564
2184
8434
6070
7173
4834
7501
5159
3432
3940
6034
9268
5514
1670
4740
5490
2054
4450
8158
5304
9827
9152
8672
5205
862
2919
4967
8153
9190
6078
3240
8480
1639
7318
2172
2054
6572
4907
1126
5076
8521
7623
8734
2587
3297
3852
9808
6628
6801
2862
6186
5544
3930
7678
5850
5657
5999
8006
2423
5665
7952
2641
8009
9904
563
479
9462
5580
2242
5738
1588
1921
9912
3729
1620
9173
9574
3303
681
633
8234
3011
3719
4264
2776
3124
342
982
8302
9090
2955
4031
9553
1774
4349
9218
9867
5127
12
5081
1105
5545
6984
2540
649
923
1637
455
80
3346
6047
4112
7942
3186
8733
8373
8295
1686
2160
5254
9983
8675
5642
7742
3912
5960
4346
6956
8413
1548
6730
6483
8582
7943
4105
6780
4035
5237
3424
4181
2109
5824
3158
5218
8139
5901
4588
160
7139
6376
9970
2830
5167
3360
5238
4423
2901
8159
8409
8288
3889
3900
2358
9634
3938
828
8564
2858
4917
1645
8034
7002
4894
4333
6174
3978
650
2462
3350
1707
2765
4002
9494
10000
4812
9224
5884
2058
3046
8270
8415
8100
6942
1407
5154
3549
6003
7517
8887
6225
8277
4772
4058
7152
4047
5623
673
9003
3161
6881
4695
542
9732
8781
5755
4572
2668
8048
8195
6679
4335
8457
9160
3828
3857
4259
6745
9739
7779
8180
9928
4588
3274
5129
9514
4960
335
5280
4675
2896
2595
3774
3376
7377
4326
4032
1268
6858
2195
7080
7946
8549
4206
9859
9912
302
4048
683
6922
2001
2063
6711
2771
6114
4932
2577
3346
6950
5738
6451
5303
7352
7871
7253
6952
7582
8857
5986
284
1883
7454
4861
913
6046
4695
164
1046
1444
6150
4562
8100
345
2036
3242
9964
8499
4054
3609
7413
4394
8447
3044
2296
9292
9465
23
1886
2539
2538
9914
9980
38
6764
568
3840
6888
1667
8398
5213
4997
4933
6599
4325
3818
6521
4980
9500
2815
6936
9394
224
6755
167
197
9273
9686
9921
6757
885
4177
7585
3136
5593
4925
1065
2956
7700
1631
6721
5060
5165
9820
8328
2332
2436
1979
6412
7134
8139
8274
8660
5440
6969
7457
679
5551
8603
8155
7190
5297
2369
2283
929
8050
6845
7365
5095
9922
3798
2677
7859
7435
3707
2167
6240
4439
4566
7104
1352
2738
4967
1074
8141
443
9474
7479
8657
469
6469
2731
697
5938
8796
1118
7572
7795
1133
3193
7324
3654
8891
4757
3859
9915
3581
2097
793
4550
2526
8782
2271
778
4828
5256
6390
153
6594
5388
6162
5054
9446
1530
8490
6594
1088
4572
4484
5673
5606
4657
9842
2835
6681
4264
7673
2715
2413
6512
3123
4995
3099
9981
8140
494
3165
6798
3995
82
3802
9373
3721
4544
2330
6258
5110
4405
3884
4989
3912
950
784
569
7471
8676
5330
2159
1153
5719
1465
151
2723
7915
7506
5757
6120
9679
9605
6200
7093
7157
3522
9793
1861
8344
6781
3875
109
1122
8384
7791
7207
89
2799
6735
7987
7440
6727
4844
7383
7566
8352
1341
6092
7496
6830
9832
2748
3908
1262
4864
2153
4763
818
2065
5620
4989
384
5028
7226
2447
6774
2341
4746
6627
3797
5045
6469
3235
9799
1350
7901
5814
5983
5412
525
9087
2191
4154
115
6737
8606
7634
2232
7001
9935
7434
723
4669
1527
5693
9341
915
3146
5105
4436
7032
913
8279
7711
2984
1642
7114
5769
8158
1038
6923
8109
6656
9601
6636
2430
8067
5140
8803
8989
9751
3209
5794
4043
9706
4866
7892
8228
2916
6120
2676
7773
3911
5198
8127
5687
2051
687
9859
6898
3294
601
6799
5325
3422
5771
9807
8957
7723
8279
2928
7476
3335
5393
7705
2692
2025
3002
570
2774
7469
1432
1489
2911
2604
6266
2827
2975
1696
7958
4319
1800
1590
6447
9501
5357
3652
6284
8540
1203
2263
329
6995
212
3661
6805
4118
8663
969
2049
9231
9946
8677
8137
2180
7553
4688
3612
2197
3715
5730
5491
571
5673
1850
2616
3273
9224
8896
6933
9610
2320
683
5395
2799
2757
6267
5960
2900
9996
2709
2675
6030
5679
553
2905
536
2081
6665
2959
2757
3755
5866
1559
135
3873
343
5435
9363
7742
1297
9958
2048
8771
7242
1636
9464
7012
9758
7161
5309
192
6690
3369
7811
8113
4942
7142
2179
3322
7733
3989
6511
793
8313
582
9988
9688
2714
6624
8029
7596
4520
7007
4457
4867
5674
6978
8140
9614
1377
7557
1332
4310
4244
2380
1140
5876
5373
6396
6149
4217
4607
9219
9865
9019
3223
7650
8347
9740
6843
5206
1199
6673
7033
6421
9328
8088
9078
5662
2583
5982
2509
9371
6978
3919
4118
2083
1685
9280
3880
5219
3317
5310
5770
2093
7640
9104
8428
9836
5628
9573
9718
1527
9920
5406
44
6085
7907
9157
5864
3048
2604
6598
2956
3874
233
5476
7928
9329
9069
511
4391
6511
2822
7253
4080
1478
7629
3904
2792
4636
8086
9192
1760
5171
2819
4531
4850
8334
2911
8293
762
6799
7316
6068
1955
4164
9615
5184
6477
8208
3700
9594
9535
2651
9636
3490
2745
3765
6479
5000
6869
86
3433
2187
1173
9943
5729
8878
2375
3957
6488
1274
9844
6843
9292
1244
7902
7977
3105
8927
365
437
133
1992
2748
1064
8882
8529
925
8429
8117
8506
8957
6132
145
3366
6031
5446
3103
6675
4134
4468
1715
6114
8165
6337
6712
4
3344
9119
5541
6172
4197
5809
8273
8416
9375
2338
15
1922
291
467
1304
3193
7199
2758
1856
3901
6290
5530
3932
1425
7900
8723
8152
6424
5481
92
2242
3926
7346
68
7900
4294
8196
6622
7022
1865
5255
1872
6402
4773
2261
1952
6007
6605
8097
3284
5602
3937
3991
1352
2209
7144
3886
4764
9582
3484
7708
8863
453
3524
9586
467
7446
9965
4112
9448
3293
4618
5238
1463
3234
9200
2622
220
6811
8940
8724
872
8916
1953
5284
2503
6771
8138
6412
6685
9160
5940
5622
3169
4483
1871
1326
7630
5342
1336
9869
6871
2622
546
1846
5089
4118
6075
3426
6206
6135
6834
8370
8453
2587
5959
7134
1988
1312
1185
6473
2517
86
59
5955
8739
2229
7012
892
588
6236
5601
2729
8060
6961
5630
6078
7347
1365
2996
7269
5694
9372
6751
9025
5877
6047
4802
6119
1304
9167
8953
1083
5220
8937
1879
8931
3947
63
7267
4716
151
9414
2486
5550
489
2841
9802
317
2435
5406
8377
9238
3183
4299
3165
1248
3320
6933
655
637
7954
2862
6410
8688
1824
3085
8272
7925
250
6456
1362
8014
7641
5226
9412
6735
8001
406
6393
8243
3374
8309
2737
4071
3158
5132
9522
719
8461
3134
567
3389
7993
2334
1559
5898
6666
1860
1734
8419
2432
4844
1706
6448
9820
4577
9083
4888
7801
9611
7109
2942
4656
8946
8212
774
3447
6402
1635
3581
2198
4433
776
3394
4445
3772
3601
6899
3549
1052
692
8843
4228
4830
696
5860
3185
8335
192
6574
6876
3642
3282
6754
6172
3535
4526
4897
690
7456
817
8391
7738
8732
4177
6788
3125
1556
4493
1935
6605
1525
3292
9670
4766
3317
5082
2786
7036
1895
1696
2891
6437
5743
5183
6301
1543
4895
1840
2647
5525
623
6062
5571
1891
5320
2028
7154
4708
5952
6373
5247
8107
7114
1162
329
3028
4170
1808
8874
1227
371
6095
8914
6655
5491
2664
425
9874
6717
7082
151
8439
635
9197
4378
8433
3955
6829
1404
5194
9828
4058
3480
1076
4128
2880
6261
3563
7229
2806
1204
8098
8749
472
3821
2354
1419
4330
4756
378
2066
1480
771
6240
6798
7984
3227
2555
6659
7791
1541
384
1039
9438
1606
7594
3784
2379
3292
4121
6691
6677
7392
2380
6469
7320
7307
665
9488
3863
1284
3596
5953
8443
8027
4105
2386
2918
8288
2869
2178
4578
9892
438
9376
9060
7670
196
8778
6695
9104
4976
5142
8768
8874
4319
7185
4069
1796
6548
3772
4189
1808
1841
1627
4503
9535
5081
7363
3450
1879
2297
5722
3957
939
943
6609
5407
2645
1088
1385
4631
587
8920
9425
4626
5593
5041
3729
7092
7480
3464
2260
9164
2169
5299
2657
9351
6458
1751
9541
962
8991
3895
4232
3681
7412
7538
7693
1834
6932
9836
407
9241
7600
7536
578
2746
4967
5091
7345
1670
7189
9492
5315
8906
4551
197
6096
592
5724
271
2197
8840
1275
228
8353
677
2026
2184
6366
9694
6856
3719
4783
308
3631
6070
5406
9215
9391
4922
6040
2471
7653
2981
3232
4808
4321
2994
708
8393
9843
6405
544
7267
4750
9821
8121
2723
2449
3905
8896
9524
8198
3725
577
3748
821
8051
8544
4309
44
8117
692
7208
3612
8272
2542
6055
4387
8505
7121
9226
1323
7394
5214
2213
8787
2049
2716
8873
1046
5862
1784
1564
5152
6143
2803
6282
3966
9627
4030
8197
1993
5341
4295
3580
1340
3491
1485
4136
8365
7697
8090
584
1939
1147
5765
7462
6781
2635
7906
6290
6232
6381
9515
7878
3628
3198
4571
209
1723
7392
956
6336
1551
1703
1048
565
8807
2272
4361
9593
1094
3005
7271
9562
7114
2777
1433
4215
1233
7986
4967
616
1594
8910
223
6418
3773
703
1733
6322
8605
2317
8821
8201
2512
1119
7994
422
2805
8376
3372
3272
5441
7321
4352
8680
1723
8527
2129
9115
4
2095
3290
7548
9003
3107
4083
8971
7066
4870
4750
2166
5790
6006
5876
1395
2300
1172
8338
986
1017
1250
2373
4750
9328
6069
845
8299
498
3838
9627
4831
570
8847
9617
4358
6557
626
6535
8019
5199
5347
2052
8334
3866
1315
1982
3162
8667
990
1773
2790
8020
22
4167
3280
7849
6509
6537
8593
4972
881
4190
5939
3395
4490
7838
5214
2069
3318
1806
4617
7391
9173
8216
4166
1076
2784
2582
8918
8950
6831
5745
5109
69
9677
1373
8145
6497
2908
3389
7446
9537
6093
281
8734
5371
3524
4882
3503
936
305
2762
4488
983
1405
3342
7285
4422
5912
86
2563
935
3567
3528
4204
8532
6114
79
3060
6305
5999
2324
2965
6294
2845
5404
9734
6300
6919
3951
1987
811
1649
2847
8837
8332
8916
7256
7381
2546
4062
3498
7908
6840
8306
4455
6103
8215
7716
8575
9589
573
7754
7585
6314
180
4289
7097
3200
3368
3901
8372
1755
3136
3896
607
6933
4652
1450
3358
7668
3330
131
4043
3957
4769
8003
2969
6829
491
2823
5003
9535
8319
7829
1737
6610
2245
6983
6395
5017
3209
3427
9988
3245
9184
700
4141
8713
7295
9125
677
9956
6089
5121
9322
5375
9301
9372
9328
159
259
3934
6771
7455
4222
5906
148
7933
7900
1137
1779
7405
2386
8435
3337
8558
8699
102
5202
2971
5633
8157
8570
6176
3409
7032
2509
3770
2912
9937
802
1700
2871
7708
2691
1318
4350
3643
2910
1280
4395
1538
549
7906
3570
4857
1189
4877
5338
5648
2644
2075
7427
210
4957
4309
6600
8148
6390
8086
746
9245
6771
7263
4282
5571
4275
8298
6847
201
8809
8346
3412
4873
3524
4671
9154
7243
6120
5504
5382
3852
1381
9937
3689
622
5571
6427
8122
2536
2871
892
2291
1989
6121
612
8331
5581
6541
3587
7936
402
5735
5100
4418
2236
7110
2775
3861
6726
7172
1591
6545
7944
6004
5122
5280
8586
1928
3954
3039
8959
555
2830
9949
4191
2479
7663
6433
6917
1200
6592
2682
6423
552
7710
4758
3222
2793
4551
2300
2990
2654
9617
391
4761
8778
5369
6190
4043
8853
8822
2969
3124
9097
9749
9106
8573
5951
9777
944
5283
7699
1378
1333
7948
1838
3964
5186
1555
8736
1533
1526
4054
6219
9434
6894
405
8904
4997
4867
5645
8544
2264
4273
6840
1831
6804
4757
2081
2939
6947
6408
5603
1756
2620
1455
7413
785
9252
1085
4874
8681
2361
1545
6869
8045
2480
1546
3566
7454
2543
8507
8242
1537
5449
3524
6260
5333
8797
105
3168
9685
374
3606
1392
2104
5717
7881
2012
9474
7967
4869
6722
2983
4468
2472
8125
3661
1192
611
2181
6504
5285
4980
7100
6559
8767
325
2242
2609
2221
1046
9160
95
1507
7412
5613
700
625
8780
3698
540
9562
3308
4868
9933
7328
5984
8410
280
5959
8687
2678
273
380
5861
3230
2413
3606
598
1597
9541
9234
8506
4048
2225
6147
9912
2904
1758
5983
1976
8850
2341
2563
7541
5408
1755
1340
9750
8058
3958
5810
432
9607
1347
6654
4252
553
307
9629
6897
3953
4041
3069
9941
4407
3760
6471
8080
1614
6594
321
320
510
1735
3005
4551
6723
1907
2161
4145
2611
4940
4026
9157
5890
1023
8662
9581
9909
9081
6539
8414
499
8117
6451
7707
2989
6388
8114
4935
8051
4236
7947
8833
7572
8027
1718
8478
645
4130
3428
4649
2517
4361
6806
5231
3976
4240
9979
3056
3659
7177
4877
6628
180
910
6603
4959
8984
9605
9764
2145
2566
2558
7306
7745
5597
1489
3032
9893
6190
1288
6921
8868
6827
6576
1315
446
4021
9138
413
6657
9507
6448
9128
9332
3792
4035
6629
1131
6159
229
143
2497
2187
5934
7874
2274
8753
9306
6256
1232
8895
7061
1769
955
576
5697
8777
8788
4116
1173
9010
7104
2268
6344
4237
6025
1867
4144
8068
3385
1820
3182
8450
8204
4489
5041
5797
6252
5733
2379
5147
2842
4053
4560
1223
7270
9461
7414
1609
8006
7881
511
2954
2537
3390
5818
8713
8149
220
6762
4065
2460
3199
7997
2955
151
5524
8600
3094
5656
877
7242
9743
1624
7454
7165
9326
7137
4202
8500
6024
2034
1184
9678
6504
8639
3886
880
173
8713
1709
7470
5478
9424
1992
875
2282
788
3159
628
8830
1920
5985
4948
343
1843
2736
2362
9170
1116
1998
7262
8989
6453
6534
7302
4784
5823
103
5134
1616
2022
6896
3302
8933
9911
9288
7445
8045
6564
8691
4175
4399
2678
8673
2683
1090
2561
1815
5830
9621
7031
4432
8351
5399
8865
8482
9860
7111
2669
9960
2357
2387
2328
9494
3590
2833
4666
7818
5560
7170
1218
2616
1678
9463
8307
4762
80
8764
2075
1309
2631
1748
3378
1227
9853
2448
4157
3550
2145
432
3392
4432
6095
4039
7065
1078
4080
3004
702
3800
1966
4185
5967
1918
3272
3525
4959
4322
7434
5083
7153
9510
8231
1297
9455
5158
2959
9679
8157
760
1213
2244
1566
6790
9414
5792
9344
4635
8301
2225
6069
5926
6018
812
665
7814
6600
7473
7852
3561
2906
2544
6073
2969
2739
210
8179
7279
318
342
4074
8347
4745
8556
9558
1394
23
7153
2111
4709
2952
1098
1219
6357
1323
4280
7266
3848
395
6272
9531
1895
4562
8096
464
3258
8766
7977
5559
4453
1103
2314
3173
2310
9557
2249
1690
319
6106
7450
4381
287
2762
2681
6851
8386
5250
584
5262
276
8239
4707
1580
5337
3982
6203
4872
798
4424
9023
5915
7247
114
1013
2911
8830
3062
7881
9597
6462
9156
4936
7330
5076
9510
1112
3729
7076
7354
2093
6365
8505
6949
1418
8318
4254
9942
2018
3189
7715
3372
8500
1661
2372
1667
2890
2367
8380
3064
6077
2977
8658
2397
7507
5881
1389
1513
2956
4353
5736
6590
6973
4529
8643
5599
1825
8033
6154
8116
5650
5823
72
2157
7312
470
5170
4815
7423
4577
2632
9761
4227
6569
4237
1076
7522
952
3519
4773
916
875
3969
8877
7666
1326
4708
4949
4926
731
3687
9134
3873
2519
7726
2713
7534
6013
2214
6851
3517
7692
7284
9925
1029
2242
353
7033
4497
85
3467
3027
8728
7490
7404
8874
6505
5827
6792
3081
2004
4379
1936
9377
5440
642
1475
8646
5936
3372
3866
1159
6917
8275
3444
6622
1655
8924
2783
3539
3775
5848
8434
5310
4387
1542
8199
1213
7142
7634
6939
8003
9788
1862
2423
1623
2188
7511
2183
3125
4168
5430
7399
4043
36
9246
6485
2004
9385
6341
6259
6669
3243
1575
4106
1897
3691
1380
3446
1130
7675
8310
4675
1661
6039
9621
535
8680
506
6800
8946
1515
1533
9112
9621
2
5009
6798
7638
7665
8645
7568
9989
7758
67
8965
2808
6516
1625
4392
6437
1926
7654
5879
4864
4775
1351
4688
6947
749
4810
6783
9611
4623
9097
9308
1548
489
7654
9509
643
7982
886
4262
9172
6149
8841
2152
1041
5203
9632
8255
5352
1295
2302
4257
2130
9326
9384
8658
2353
968
8561
7134
4966
3844
3218
2123
5336
654
948
9038
1246
7086
416
2794
9776
6228
4321
4797
5376
1462
3310
9627
840
7962
8811
5234
8665
9466
8575
7089
7
7576
2791
9385
8916
3169
1516
7641
2689
6112
4561
216
8573
6745
6227
5986
2011
280
6785
2483
1954
3429
7337
6967
5624
3403
2846
2402
1067
5176
735
4159
9620
8577
8967
3163
40
5870
8527
6858
9797
6465
7194
3912
8970
3383
8327
9597
9115
9814
5807
3586
1550
3708
6878
1841
6436
37
7012
7882
5139
4419
330
4234
8024
2289
9233
540
4733
8390
1441
1893
3326
3096
4735
2457
2943
9599
8608
9421
7662
2862
6254
6125
4448
6810
6847
9070
9835
6039
4278
781
7466
2646
4858
3751
4936
5959
801
3528
4936
6826
4923
7834
1429
2257
8408
6970
327
4616
6704
1871
8848
6784
6384
5000
5350
3811
4191
926
4858
158
8688
3923
7300
1091
1558
3597
4721
4260
1731
3835
9058
656
2934
3804
2242
4280
6142
2627
2231
9061
8675
8886
1631
1115
2127
5222
2865
7738
9805
3499
2829
7618
6803
5492
9906
8079
5552
1569
9872
7007
9941
6801
9070
5330
295
7844
7038
6214
6995
2725
296
600
3467
8930
4581
774
6226
8789
688
7558
1509
5094
7496
4032
584
5409
5091
6359
3545
9916
252
2389
3679
4899
1864
6806
8669
9589
3394
4201
6
8962
5353
1444
9298
3471
9127
5801
8479
5035
7331
9608
2919
1114
2547
4283
5651
9121
5319
5729
3098
8500
1270
8086
3467
3500
1006
9407
3782
2015
314
8782
7136
545
6943
2733
5813
7804
9359
4839
701
1699
2558
9730
259
1795
4077
563
9843
1134
9986
526
2196
9298
1449
8665
3323
2977
2038
2412
6919
7193
8546
3161
6396
5619
6067
9761
7274
8357
639
6513
1525
846
7330
9324
7366
7085
4143
6068
3513
6150
1840
3139
5005
4008
147
1686
2579
2540
3865
5446
7666
8200
7444
7605
5267
1503
9242
4693
1471
4787
4069
7202
4769
6760
2504
8812
6509
8871
2073
8243
3462
5364
4811
6062
6034
9377
9462
4534
4871
6924
6961
1870
4246
5923
3393
2695
4052
7091
2541
5229
24
1161
3505
10
6935
4878
4327
7684
4552
4113
3835
5875
1071
9861
3407
1552
7492
5966
1498
1537
2207
2778
1991
1232
7705
8975
2540
710
1614
1911
2004
2468
7765
1237
8474
982
1133
5878
7873
7367
6879
8771
8450
9106
8050
3509
764
8099
7329
1628
9982
669
3648
1917
8442
3576
5498
6401
7563
2879
7434
421
1391
7202
8624
218
1274
6278
3056
9008
4005
3797
5292
3044
673
8669
3099
7273
5279
8933
1211
3626
4094
8208
9499
7118
9045
8876
1776
6969
7827
2018
4278
5798
9860
8665
8168
6786
3122
2696
3861
6549
2181
1242
8431
7277
3234
5345
8961
2533
9995
5156
4773
1729
6301
1650
3268
8195
4843
7991
9182
1828
906
4645
5417
4878
5066
6780
9011
6375
4864
6670
1386
6753
7704
4592
2357
615
2218
4742
9963
7772
1182
5644
17
2146
4259
7644
6459
2442
1307
8552
5457
4470
9740
6203
6379
5971
5171
474
6477
9598
9859
4138
7893
2064
6276
7631
6064
8293
9182
993
8849
9986
9686
7192
8588
9168
4755
8709
7475
3561
1891
3356
6381
7600
8446
9214
8807
7527
5721
3637
5272
5511
1041
25
7259
7586
3282
6314
5937
1545
3059
5051
6810
8743
1291
5963
8483
1278
6617
6967
7219
8441
824
4657
3146
3512
9343
3604
3153
3769
2883
1233
1912
2068
5451
4421
5056
2372
4923
9940
1068
8258
7702
4887
7384
170
6642
6175
4847
3086
9312
9632
3561
2890
1765
4936
5643
6309
7369
8782
912
4723
7401
6711
2867
1876
4729
6114
2054
7928
9488
6629
1248
2624
1255
2174
7303
907
1046
5024
3165
4487
8044
5348
8706
5099
9297
790
2584
753
9759
5527
5826
5015
4337
1040
797
1252
5056
1207
8220
296
1350
1692
71
1820
4886
2137
9706
6765
3427
2167
9666
6693
3974
2661
6332
9281
6916
184
4383
406
5448
3521
8438
8972
325
5121
262
2096
4105
6993
4818
8571
676
301
4080
1456
1820
3969
88
1218
3986
1191
4446
5795
5231
736
2329
2451
8902
3038
1552
2561
6704
5760
2912
1864
9129
1191
8555
5414
6747
3727
78
4364
7793
3959
4895
259
2998
2807
3212
8383
93
6631
8813
280
8520
5478
4812
3960
4687
7378
2092
3110
2056
1455
4554
850
1855
8229
6621
696
3387
3093
8744
3333
7999
692
8561
2541
8433
3174
187
6392
8023
4699
6804
3661
2117
6889
2064
2166
7573
7502
1728
3805
6908
8290
9976
5447
7259
883
4574
5035
4189
2626
2490
6472
42
3006
6710
1081
8439
3629
5540
3814
9476
8360
9113
9916
4539
5714
354
6570
7200
5663
5035
710
4214
159
3723
7355
3001
2740
6723
6527
1538
5967
6246
1874
9918
596
5138
252
438
4079
9895
8609
9750
4357
8376
7684
1875
3320
5782
3961
9777
7758
8241
497
4191
8563
9281
4336
5136
6647
6801
4275
8711
5844
9439
9028
1555
2177
6018
5855
1388
2667
9608
1935
9729
3800
7790
5636
5781
2897
3246
7004
9926
7431
1986
8613
4795
2209
8171
3131
1638
543
4742
4443
1220
4326
2267
7482
3776
6125
3146
8502
1417
7861
4236
4267
8329
1255
4017
4578
824
5259
74
6445
6584
6706
3184
161
9747
229
1016
974
3057
8933
3110
9974
8106
1765
3325
434
6237
4800
5245
2298
8142
4445
138
6406
6527
4745
3410
1763
9857
7094
3233
4047
5029
1212
2545
165
8943
4175
5163
9489
767
7905
6413
7247
3727
8435
2953
8865
7919
8842
6272
6753
1348
9715
3099
2999
9569
8397
1682
5664
7340
5445
4061
7802
9097
2911
379
847
731
7436
2224
5774
8333
4583
957
3208
5658
1480
6217
5762
2844
9694
3419
9969
6928
5915
2041
2735
9573
6551
5283
2649
8024
2851
5827
1469
5316
4590
431
9346
1793
3100
5473
4857
1259
6732
9219
9918
6168
2973
3763
1473
1004
2920
3715
1666
7656
6932
649
3520
2572
5794
1079
1547
1557
7088
7334
6767
4094
5339
300
4173
3905
7393
2364
5672
2266
468
9258
416
2767
46
5775
8731
4301
7569
275
3713
5641
8852
814
7766
5416
2767
1753
3290
9687
5130
1350
5371
7121
2085
964
5698
147
4631
8768
9315
9152
3258
1102
689
7958
321
3234
3864
4987
6214
9641
5759
4831
6544
6046
8715
8657
2369
1036
585
9988
4055
1878
6354
7604
8924
1379
8615
7298
5608
4880
2046
8748
7631
3810
6135
6963
8002
6780
8682
711
4051
8617
2984
6986
1904
3053
199
8958
9704
9952
6907
5592
7388
3303
2420
478
6385
197
4330
4397
7733
2993
7133
2800
7482
730
9989
14
2693
2957
2278
3883
8541
5893
9406
9202
8480
4653
6719
4771
8434
2687
7619
1717
4035
3360
9751
2518
7950
4101
5732
6337
8644
3978
4951
6739
9321
8581
4133
1515
1003
2555
9329
3961
560
1370
1772
5074
8752
336
5277
4677
5764
6087
746
805
1341
6503
17
7548
5298
8541
630
3687
474
1712
6131
420
7113
8986
2239
2221
7801
7002
2040
6868
2201
79
2366
6613
1446
3637
560
728
4319
3688
5271
8277
245
5248
3751
7329
9324
5053
6011
4664
8940
1706
5384
2405
3908
7652
323
2165
7572
6287
6528
9692
7994
8708
3047
4808
6847
5196
4423
9659
4573
2634
2393
6585
3624
6109
9264
7409
1280
1484
4949
1813
9010
6428
5971
3186
4794
4150
704
7340
1168
3179
3098
69
5619
2874
2594
1325
925
3856
7560
9191
3436
7830
1904
7824
6425
1272
7339
5208
6060
3060
7573
8020
3605
4880
1661
9139
1000
9907
5985
7372
6826
7691
9720
334
2383
2813
323
6789
4360
6195
9563
6602
7264
4224
6323
8118
5727
7681
732
5250
7460
3290
5301
1249
4542
3196
5352
1437
1110
6796
902
5365
2584
5339
3454
9881
3129
2810
2733
6586
5892
6505
8419
8312
5551
5117
8075
5887
1169
5665
9870
5291
8408
5569
7990
7921
9822
3880
2967
5895
3083
1283
4862
3256
3850
8672
3618
4175
3155
4886
1351
4673
9630
5068
3148
789
8100
6637
2381
9690
7458
7872
841
919
6345
1176
6936
2810
4438
4135
7631
6333
4090
5562
5237
6593
9365
9977
5107
9767
613
4919
2065
9374
2717
5335
8315
2030
274
6688
9206
965
1473
182
3378
1212
6743
3527
9922
8671
151
2750
1513
2186
9566
8217
4369
5455
3862
5198
8990
2923
2528
7725
6005
9093
9245
7039
973
9285
1160
2517
7372
1605
7380
1344
7294
4973
534
3907
6647
5299
6570
8203
1905
7997
5817
6957
3497
7681
8009
5485
1479
4704
9917
3595
9950
7019
494
4745
3693
156
1608
9883
9332
9945
2872
8429
6806
7145
552
4112
101
718
3930
4210
1251
1104
2905
3974
4510
6595
889
8808
759
8056
4714
2890
721
1959
1621
6684
8297
860
625
7444
2677
9199
5689
6325
2983
1991
5285
4107
7189
5728
3815
7990
2292
4965
6619
6910
3753
53
6202
7757
5341
4658
7632
506
9444
1933
3918
1711
3683
1783
3246
9940
236
4903
9374
9023
3156
789
204
911
7345
5784
7665
4235
6408
9236
7575
6160
1837
5708
6459
7892
2435
736
4416
6801
4318
9684
3023
8733
5527
2353
7202
1743
3258
6757
1795
3130
8538
1499
5046
3872
9784
6641
2716
5127
8107
4554
8756
6605
3180
6713
932
5134
4841
9442
1965
6254
2766
7056
5917
3518
557
9701
3190
9227
4421
2814
2920
3548
4705
7222
5971
7785
9642
5707
5507
4822
1203
2317
6218
957
428
7499
6803
9803
8556
4616
7894
5049
8195
3224
9464
536
6785
794
2696
8843
9579
6832
7773
8436
4211
7992
7967
7357
340
9528
7172
9158
1818
615
5949
5522
8305
9106
5910
4389
8553
3265
6182
9356
8037
2541
962
4822
3576
6574
8932
938
8638
1735
8834
8394
8056
7184
5835
4386
1548
147
3366
6339
4049
4683
9568
5077
4062
2024
8599
1563
5299
6975
6213
7236
7803
8666
7334
9003
6692
200
6186
1263
8305
6938
3010
4142
1020
2310
5546
121
1229
6194
1595
1844
3852
8914
2689
2763
9204
9648
8250
4224
2452
6750
110
93
9521
7643
4099
1226
586
8510
4955
7712
2556
2894
7030
4407
1534
5941
4988
7063
1146
7044
1713
5810
8606
5971
7583
2979
8301
2204
5483
8027
7502
7760
9861
6158
4299
2571
588
4641
9848
818
3607
4024
2173
3446
3889
1603
6054
4521
223
4745
6662
4642
8045
2338
6729
671
1010
5399
2923
6139
2010
4669
1337
9106
1337
5175
9812
7755
1756
6082
3681
3411
7653
7657
9825
6084
6792
3341
53
2243
7033
2120
434
9501
8545
1254
8649
2663
5865
8395
1959
1696
3973
5401
3017
1922
2498
8950
3736
1265
4453
4546
4978
6457
1417
4568
8219
6128
4143
3477
5557
6528
1392
666
9310
8600
4587
2789
2776
9267
8604
6896
2510
515
4837
917
8912
3862
7451
1708
2490
8226
7506
3417
657
5565
4898
1121
1838
3261
3426
2362
459
8545
9545
6194
1177
2267
2916
7017
8464
424
5558
9567
6936
3002
5746
6991
2941
3180
4000
466
8515
5471
8747
3088
1622
4679
3982
218
7196
6100
417
2438
7526
2962
2411
2801
7517
7929
8641
512
7605
3322
2737
9140
6675
2267
6861
7094
9590
9922
2695
8693
3703
4863
6046
7081
2452
8558
3820
6355
6286
3404
9306
6035
4530
3779
829
9510
9036
9928
5347
8548
5944
2803
5338
4672
4236
453
7885
615
575
2442
3888
8078
6057
8914
7750
638
8383
6149
8254
747
2292
6274
9154
929
21
3224
9052
4767
3272
8705
3465
6904
8867
2394
2929
1639
2903
7854
5538
8862
6639
4044
7689
5572
2185
2219
3096
2436
7251
1590
335
5755
5304
2875
5390
1169
9977
7040
3861
6729
372
3488
1178
5671
9789
3641
8020
3451
4465
5924
3980
3422
7645
8420
3275
4338
3467
1010
9013
1220
5583
397
3533
1131
1856
4444
8708
3101
216
7234
3316
4092
9207
9400
8086
9767
8296
2871
7071
3607
3445
2931
8351
4558
6247
838
2316
8888
2762
1680
7804
5360
1575
3900
1834
264
9489
5871
5646
4301
2485
358
3310
4263
6477
9934
8536
4016
6568
985
630
5538
8907
3265
2600
5630
1406
3263
125
8764
8266
9106
2958
4446
5376
3648
6976
1307
4236
8306
9505
3900
857
6913
9219
7608
7405
5748
2092
9160
9524
748
6984
3024
5274
530
3323
3904
5171
2008
2735
1289
8999
4156
3719
6204
4092
4448
6931
293
800
3126
895
4314
6999
5604
5003
7675
4407
1621
1005
9843
8424
8346
6103
6193
2054
3476
2772
6460
713
2622
2104
9569
5108
6125
6329
3807
5885
3634
1312
9777
178
5682
4043
3897
6918
1947
4044
7027
477
9538
5198
2682
7871
2206
3910
4403
4930
1103
8780
6510
8736
2439
3766
6373
943
9250
1660
6004
6944
7015
7188
1080
8093
8702
3177
178
8024
3370
1050
2817
6280
1691
425
6982
8786
6412
5029
6402
3055
4196
2418
4757
7053
5427
9146
9063
8018
6433
4123
2292
13
6874
898
3433
7777
7786
3532
8225
2060
3569
9279
2183
5977
9889
4512
3122
1147
8714
3282
3949
433
8225
7310
7351
116
7738
3128
2720
1885
1846
9516
2708
3981
4688
1413
106
3384
8303
3473
3246
4783
1500
8358
9159
9555
7060
7239
4360
9748
4437
4867
4378
6255
6640
3788
2496
8708
1583
3350
6700
796
7568
4886
462
4369
851
3839
2660
3813
4828
6558
2212
1014
838
4565
6754
1931
2984
431
3761
892
2034
9967
4034
7414
8640
9160
7005
9889
9867
2232
5651
6569
4011
1382
9054
7856
1823
4031
327
2853
7516
7614
960
6367
6011
1803
5577
617
8970
862
3338
5404
6849
7111
4934
9316
2765
984
5467
7252
6817
2358
8918
9765
3834
8416
7596
7174
5803
8138
8239
8107
403
3860
8299
2216
4845
2635
7328
132
2237
7306
3352
7313
5145
8141
8100
2500
8895
4320
146
4766
349
4747
2424
1529
5420
4699
866
7597
9558
2282
6017
2838
1171
9148
3068
744
2361
2374
5263
9958
5235
9476
5445
572
1756
6110
7454
8024
2619
8858
7705
3276
9669
9768
264
7575
3718
9482
6189
7110
9710
3817
4314
2941
5489
4591
780
3106
4535
6328
6887
5012
2601
8274
2432
7440
1222
6137
6206
3710
324
4254
3197
9349
5092
5996
9394
7742
7643
1682
6731
4891
5085
3416
4285
403
6412
815
3964
5346
3367
1654
4248
3002
6858
8763
4432
4734
2702
6764
3025
9811
4313
7237
8408
1261
2353
8052
6952
3505
162
4315
2185
5920
6852
6769
4524
7991
7636
3890
2581
1938
4672
5414
7587
7972
4488
4820
3552
3805
4301
9343
7920
2902
1908
4764
3589
5201
2102
4868
9575
5086
3702
8509
2689
2861
9196
5540
5930
7483
6900
8845
1199
2554
6317
3512
1149
9973
4009
7064
8303
8037
1217
1968
567
857
5619
4313
3296
9424
86
4494
2608
3129
2441
8094
9440
143
9604
4191
9348
2777
2474
2962
1938
8808
7660
7804
800
2610
797
9720
431
4120
3216
2115
9018
9970
7156
4602
2912
1742
7903
1140
7522
6490
3805
7318
653
9297
4095
919
8406
9342
4637
8588
9181
1781
4545
8569
6140
667
6615
1968
667
7349
4542
5756
8037
4306
5382
8752
5524
3693
4189
4909
6140
2155
8292
3837
2079
2220
6238
9038
449
6260
8601
3091
3336
3502
9725
7229
3171
2047
2860
1941
8089
744
5405
6693
3911
8754
6829
5091
5587
3710
6826
6177
6293
9308
4946
7405
5544
8538
391
7182
5323
6622
2042
9009
6646
3317
3572
6437
5408
3537
2000
2863
7623
4526
3334
1957
2180
8889
7940
3846
3043
6728
2017
4677
6228
5041
8424
8386
5612
9975
9889
3817
9043
6645
6606
577
7667
6619
9494
125
5232
5150
4038
9760
858
5451
8049
7949
8528
1849
7402
7065
1838
2073
3288
1530
2651
9621
5607
4891
2687
154
3038
7665
3296
9608
627
5862
7637
4948
7312
1091
5800
2304
3864
9173
5200
7784
4674
5539
2267
3161
8194
8165
1453
7891
4387
2627
1820
8800
4499
7955
3478
3082
1655
6617
8374
7015
1966
9551
7062
1020
358
8761
9467
7478
7355
5203
2531
260
4741
1274
7310
2949
9544
77
395
7944
4389
6933
1027
6941
2129
6495
5498
3873
7908
5781
4789
1169
5866
9970
3621
2141
721
3236
6175
1905
3728
2257
3587
3080
1440
8751
5754
3755
3576
794
590
4987
5134
2837
1213
8249
7339
5928
5839
8469
3765
2065
629
5218
8352
7066
9110
7090
8314
9344
7079
5212
334
6568
4670
5713
6595
7260
1263
8753
1108
661
1362
5426
5805
5080
4160
8749
6288
6513
4691
8293
1692
5638
290
9668
8879
2842
9746
5979
5327
7223
1690
8907
2174
1776
2387
5477
3263
4146
7063
1032
8104
4078
5362
4595
5763
3572
6674
5821
5577
5229
5240
5105
8231
3986
1150
1013
6867
6521
139
3159
5871
7586
1153
5621
632
6071
9829
5150
5814
644
5757
5952
7038
4438
3393
2311
2308
5260
4411
7473
1156
2580
1417
5750
7962
9721
6158
9526
8512
6629
1972
9056
6665
4546
1571
7059
5702
4094
4260
6257
4283
1990
4126
6430
4467
1945
4554
7545
4218
5148
3972
7102
7329
8273
2581
6463
5745
6674
330
3311
3485
6811
1195
797
4163
753
1101
4933
7527
8731
5442
8029
1030
5219
5848
204
3443
8557
9043
6875
150
6905
3069
6959
57
2509
1231
5970
3241
8976
4817
3132
9676
8786
9287
2884
8600
6267
1856
7425
7407
2335
3116
3595
8361
2908
1932
9267
9955
1497
5019
7026
4185
5088
5012
9233
7091
1709
7114
4447
5114
5690
981
5435
2339
2731
9644
80
1633
3662
5379
7589
7356
9296
6692
3407
1002
66
2384
8930
7464
9212
2009
6714
3394
3382
5680
2214
6814
1062
1370
7621
5145
7917
4049
3276
429
5639
6892
1820
8498
147
4338
8777
607
9377
1268
8766
67
3628
5132
2736
4232
929
7105
9924
4830
2467
5225
4961
1395
8420
7651
9712
2769
4555
8019
5410
1004
9452
9258
904
8388
5431
3256
6503
7711
3432
387
2875
2129
3063
9534
470
6223
3371
1593
1656
7993
4630
6059
4894
2975
9435
1183
7375
2441
5989
3458
3316
7764
4019
1897
3857
1543
5938
2911
9527
3560
2206
9890
3642
9602
1860
2380
4601
3580
9735
3556
402
1369
2571
766
1536
2814
2056
3360
7593
7837
5324
2698
3943
8662
8877
3928
6710
7050
1791
2114
5523
1715
6774
2264
7385
3825
4379
5993
9851
4351
7407
3284
7758
9332
4181
9420
3713
6303
5572
3721
3039
7471
6615
8140
1682
1739
2250
3291
8270
6246
3741
3209
2043
1051
1303
6637
5304
8436
6767
7004
6414
3302
1572
6160
3951
1589
4608
1088
7773
8174
4268
635
323
5955
5059
8085
8337
9772
9006
1906
1815
4413
1197
1608
7469
9914
2223
839
2997
7440
9172
5246
1850
3490
8565
8921
1961
8588
3732
5153
4239
8588
9770
2170
271
541
2449
8757
2444
9517
2358
1637
7662
2192
1873
1373
379
5649
4740
4170
119
5822
1288
899
9192
8859
3969
6874
1746
7154
3708
3996
8919
5956
138
6042
4877
1471
6122
1269
5108
8510
2008
7522
6762
6059
6537
5637
4552
731
8554
5342
3194
5880
2547
5792
9097
1743
4581
7910
8804
9010
1127
9314
3764
3527
5117
6572
2097
1133
7794
3543
1505
9998
2682
1675
639
8399
5767
2303
5431
2571
9325
8520
7979
1114
7939
4056
8143
2089
1096
3991
8381
6453
1647
1921
6116
4161
9015
8788
3849
229
9530
7670
2100
1867
3465
4505
3638
3701
5927
2401
9334
1038
1600
9205
2044
5955
7970
2590
5424
6414
8505
3196
1960
7868
9942
5862
8030
6613
4522
4802
3112
3943
1890
8370
3264
5487
1635
8943
19
5424
421
7892
4192
3482
7682
7063
679
9467
6077
5158
7160
4324
5639
8119
6277
5487
8716
1570
1884
8646
895
4293
3595
5728
2433
982
4965
5885
6812
1
689
1015
5935
6564
7431
1335
4173
8246
6787
8593
7066
4507
7872
7994
1991
6675
286
5204
5155
9893
8083
5426
1613
2162
5189
8816
9961
1037
5324
7880
3766
2869
1640
1302
9470
855
5524
503
2886
9484
9156
835
9632
9029
7517
7111
2361
4104
5664
9661
4499
1115
7036
9246
306
7111
5273
7005
5558
9655
8429
4573
2433
5935
9633
4378
2143
5014
6680
1248
3728
8089
8553
8296
1259
869
7961
3118
365
8398
7963
608
2783
875
5467
7447
337
4193
7689
6338
6296
9988
5694
2390
9549
3952
6874
8713
9751
4910
329
5220
2893
539
9424
6298
5522
5656
7751
4707
6547
6762
6836
8145
4965
86
772
9901
4640
2446
9764
3892
2293
9782
1534
665
137
9005
9207
5959
9958
382
4280
8069
6456
8753
5515
4217
3009
8706
6780
9020
770
9516
4116
5725
8481
3927
729
1682
6754
4942
4758
7067
3759
2298
2217
4675
7634
1586
4922
6685
5602
9996
6345
7035
3294
8851
6265
271
1531
4867
7637
3613
4323
6380
7667
6482
6158
8317
8872
5976
9147
4003
9565
8507
234
328
9724
8430
8119
5271
1959
9760
2577
8297
3762
4720
2281
8112
4946
7704
9771
1307
1780
2834
1896
915
5609
199
8191
6616
220
8019
7646
2596
2044
9721
6790
3956
8783
2720
2209
8898
7453
1039
1061
4704
7641
9114
886
3414
8911
3669
9341
6977
2419
2534
3589
4073
6294
7268
4721
7663
7955
4070
7527
3936
6520
6854
8796
299
3746
93
4847
2273
242
8620
7748
4720
312
7206
6807
9002
4154
8333
7048
1189
266
2069
4478
7392
8293
5869
1352
9064
8787
9353
811
8573
6920
2250
2486
7308
9278
5895
7759
8679
516
2429
8040
4172
3059
5671
3024
2894
6199
2537
3970
9302
7045
5879
8286
8947
6144
3182
5689
9722
4707
3667
1694
7127
5991
5916
3643
9180
2424
777
7876
8680
1725
3041
7238
5478
9899
4965
5339
3953
2656
8648
7397
7950
380
402
5658
6490
6565
6526
9641
3679
746
9106
2071
4027
3424
1595
1983
3625
5715
3668
4216
4871
4656
5909
8375
6854
1233
7624
1908
8166
3176
9005
8573
3059
5374
48
1713
1553
6006
8768
8734
1147
4720
9316
5855
3499
7875
4518
6244
5370
6258
2922
2200
2971
9211
843
6161
3598
8020
9454
7256
2245
9192
3527
4380
7809
3476
8133
7806
4912
8003
1122
1415
1799
5392
720
9423
3080
2231
3334
3022
578
6778
3771
1065
1122
7329
4127
4727
1023
8057
3590
3551
4231
709
5819
8750
630
8424
7091
9557
7593
6417
820
7963
8401
6319
5381
3244
7544
2692
3722
7756
7259
9262
7413
2974
6649
7016
4114
7491
5253
6415
8196
969
8898
5359
5793
9397
2874
1606
6306
667
1629
628
2893
84
4381
724
69
4647
1760
7778
3488
4741
7873
7741
3841
4495
9530
8909
9354
253
421
9741
8210
1126
7818
2548
3237
4349
6455
5659
2104
2413
4214
8992
880
4133
861
7162
7313
1036
5323
3397
2288
8385
1244
2425
2530
6352
5638
9803
5299
5925
8399
6131
6541
4005
7317
9251
4981
9074
1869
238
3860
7109
2840
7243
1252
4987
8419
304
1799
7950
4591
3086
8950
2846
7874
324
3912
7618
7734
914
695
3183
6385
4300
4950
149
1319
5301
7306
7030
6681
3610
2630
2101
8325
1909
1215
6047
8397
4297
4394
9465
5827
5648
6699
6500
8708
7526
2074
3643
3790
5416
8160
8220
9819
9035
7145
7243
7703
7165
594
9812
4695
7129
3466
9645
7035
4261
7785
5046
4472
7324
1325
502
8266
1763
4277
5634
5641
8013
2383
3398
6667
1655
2378
8505
2358
2728
7347
8340
3774
1768
5362
5605
452
2433
3490
1334
2828
4043
1920
9322
8393
1896
2664
2783
4296
4168
9228
7557
8298
266
942
8284
185
8356
2405
1277
1219
4501
1084
8577
1811
47
782
6866
538
6947
4520
7050
9610
9285
6738
1101
6210
7219
3700
1302
7612
7233
7157
6945
202
690
9351
4720
1455
7670
3483
5202
2625
6260
4342
3066
4604
7837
2193
9614
5136
5871
229
4407
1898
2499
2908
1224
3097
2573
2062
9631
5193
530
4929
9049
9109
1819
8047
6901
9674
3997
8779
2538
7265
4798
7725
525
7474
4700
4333
4047
5159
7049
3425
351
935
9985
7522
5032
1728
6641
821
677
5011
4192
2519
3699
8056
2533
3915
996
8930
5185
4893
9711
1004
5517
5824
4797
8709
4476
5186
4271
8531
7335
742
2699
3500
6917
131
865
128
6474
8038
7927
8166
8407
2320
3855
7089
8890
3156
7625
4926
8244
1072
7227
3756
3809
9231
7702
8717
6605
7773
7021
9678
2200
9980
331
8686
5903
8790
2251
3691
4515
5138
6372
6300
7923
5678
5185
4379
2187
1738
6619
6283
3400
2250
5900
6297
4921
8516
342
6185
6373
1590
3836
8067
9223
8561
3292
4254
7770
1378
1699
9794
1210
8222
6030
2573
4023
10000
2164
3160
9840
7732
7135
2211
9178
1134
4152
255
9869
7717
7782
9116
9324
5774
5928
4133
5551
6275
8477
5368
74
3733
9399
4925
6326
326
222
6204
2964
3780
9093
7248
5606
7268
4414
4394
1241
8597
4332
9304
3985
3914
3688
5202
5977
7905
4662
5694
431
5095
8630
4670
5932
5395
6429
2664
7740
3328
6055
4919
9834
8303
1753
1031
6275
7659
61
9300
5852
8076
4114
7585
7810
7856
573
3604
7533
7433
1238
1378
1607
379
9039
5125
9377
1264
5475
146
9527
4782
8454
4938
4437
7399
2071
2888
2002
5411
663
7532
8814
3563
8207
7944
7255
9071
1218
11
7407
2006
4458
3413
3616
989
5301
3982
9002
1259
7502
7647
2054
6576
4729
691
9855
1991
2808
3373
7195
3220
9699
979
8787
9634
981
9522
9301
6321
4615
8138
6421
7203
5798
6333
2866
6011
3996
6968
9170
6212
4668
2930
2166
5393
3649
9868
1949
1180
2644
8358
9139
2974
5455
9829
2773
6334
9852
1759
6269
729
4330
3927
5020
9835
8076
5940
6807
3590
4972
4098
6982
5221
6325
8243
4800
7999
3955
9849
4897
8007
9565
6152
4024
5477
5402
5254
4013
7516
4447
2312
1351
7825
220
9191
1826
3656
260
3
8626
7537
1884
7110
4699
5666
1796
5832
6636
1654
6593
1947
6298
7334
8075
2872
9533
5422
9274
5463
941
2712
1799
5639
238
8805
7076
1696
4462
4461
5581
2983
2965
5483
3533
5040
8476
3350
8790
3800
6202
5329
2530
8970
6210
6689
4218
2133
6916
9757
520
1998
6556
7507
115
2596
2533
5620
6312
2406
4782
2071
9223
5093
5642
2923
8358
3307
5050
9520
6317
8207
8374
401
1232
6446
7991
9254
2920
2523
6572
8327
4761
594
68
9146
2224
8460
7041
3954
2504
8901
899
9939
9989
4123
554
1587
7309
3873
4825
8203
9927
4326
7646
2773
1735
4839
408
2869
9928
3590
154
5889
5915
2673
5806
9511
7628
7305
3240
7658
8902
4628
3985
5990
2166
4004
8957
5375
5390
250
4104
609
5114
2172
8292
2754
8762
1914
6514
6700
5861
7099
8142
2344
9929
6585
6390
925
5704
7701
8040
5345
8210
5548
2758
9616
58
3701
1820
6265
5933
318
2743
9400
8640
225
1579
9005
1656
1817
9366
8236
8808
9505
992
9412
504
7
9981
4006
6032
9738
7880
3987
9699
5523
3101
2076
9579
5228
809
6262
9872
3316
6834
4929
974
2948
8558
5991
3212
5275
4386
6764
7122
3744
6471
5018
5880
706
9676
4327
4871
7992
7744
2174
285
9882
8626
9700
2714
5059
1307
513
7199
6212
5438
8611
5103
7546
5633
1524
5625
1146
1529
4014
5179
2774
170
786
1312
1409
9150
5089
5084
4128
5096
4364
5725
4549
4040
751
4617
2744
1328
560
9578
3342
6928
2005
3550
5515
2672
2891
1322
6858
8046
8010
7613
4358
969
3067
5850
6757
9984
2249
3980
1982
391
7690
1823
4109
7306
4199
2609
7999
5482
6853
7278
1946
9416
8004
9468
8994
6188
5728
7121
9075
9371
446
8919
5960
2092
6175
2925
9870
3270
6019
7584
7255
1199
4899
2623
8149
2835
2346
312
7202
6868
4262
2819
2801
1244
6580
4565
8752
2029
4777
2521
6766
5453
8971
5680
9612
7436
3421
7149
8621
6412
7962
1587
7590
4978
7618
552
1451
3325
4676
5757
9960
1219
1712
3328
2809
3680
7747
2067
8489
9901
6170
4487
80
4244
4645
1598
7256
6744
846
7739
9983
195
7169
9921
3151
632
4400
9971
3351
4556
3908
4211
1924
123
4202
9819
2075
9268
9665
5309
8660
9850
7313
6502
3209
940
8556
1234
422
6465
7663
4135
443
4139
6016
9686
6008
565
5851
5869
2030
4406
3070
741
1291
3344
1678
7676
1687
5518
7806
6940
9219
3330
7454
4406
4002
5545
2400
2273
3306
1069
2246
704
988
4312
1498
3726
5662
6434
9752
8171
778
5133
5704
4111
513
4401
9221
4644
5122
4045
7205
5660
2051
50
4689
175
7929
1902
1996
2851
3097
6466
4590
5060
1680
4744
1833
8349
559
7745
3318
9511
612
2594
6574
3577
4348
1458
241
5441
8643
761
228
6885
4040
9525
5948
8887
4519
6060
9598
94
21
6135
6079
8067
8705
4870
3473
1698
9945
1374
521
9017
417
3984
402
234
5702
6205
4413
9941
654
5766
1862
6882
2805
9650
9453
1646
7350
7627
9107
1276
9385
5632
5412
1045
3019
4079
2628
4452
3236
8586
2205
9299
3150
9713
667
119
5842
8031
1586
155
8068
9216
142
3238
1456
5333
3112
7271
7334
7820
7127
7236
466
8405
8198
7895
4913
4827
8563
6894
3113
1131
5014
4309
7676
3397
4835
5595
2471
5349
5464
9207
8797
680
645
1678
466
3336
3649
7648
3710
3568
3040
7443
7851
5566
8142
4849
3254
2820
5259
5650
7201
8230
6755
3190
4248
3147
8496
3339
9071
9801
5039
4437
1775
1191
2226
4400
1694
9615
5661
6203
5186
934
4558
2597
4636
3636
5862
8786
7510
5995
5785
2142
8394
4737
988
7731
879
527
4032
380
658
1125
9026
9669
7344
6434
4222
5230
2979
6257
6460
294
7208
9225
5718
5210
997
8431
7406
2832
3495
4497
4197
6937
5465
3498
5920
2848
5185
1059
8176
3497
4989
2667
757
4366
1964
5869
4718
3692
264
1286
8877
6131
7325
3501
2150
8370
4277
3845
3961
2674
3564
3329
8136
2527
9412
5624
5590
7520
547
