2794
8011
1886
8429
1066
1695
654
8687
4346
9212
5379
8588
5410
7996
2923
8093
3345
7663
8833
5090
1036
7856
7318
534
5159
2223
7139
8781
1168
902
8276
1742
9067
7752
4908
5087
6127
4381
1560
6085
6152
2356
6217
5306
2242
7731
9814
3972
4023
5954
8965
582
5857
3426
3169
1576
9554
5350
5571
4060
6438
867
284
6799
3642
9268
2168
8466
1714
4624
901
7347
9216
6886
7080
1258
6415
5762
819
884
373
6409
8530
9673
8729
6572
9844
2530
7084
4226
2340
3049
914
8533
4781
7789
6767
8057
3826
5950
3625
9160
4903
5125
3685
7335
8211
1438
2478
3130
5972
5218
3008
7783
137
5117
3065
9042
2663
6837
4525
5120
8795
180
1120
5783
4699
8510
5503
9690
4218
3854
7297
573
5740
6175
4964
3960
4226
2063
3677
2710
5868
1254
506
6930
1117
8602
4601
9078
1280
2578
8307
3786
4913
7821
8856
3951
4260
2619
4556
8931
2069
7071
328
4944
7008
1080
6756
4083
9164
1700
86
8870
7550
262
951
9332
5399
658
4786
5257
9464
8512
7482
6895
91
6486
7577
2243
7933
9749
7240
3808
5808
954
6837
938
1828
470
6057
7244
6776
5957
4272
6647
5412
4474
1292
3236
4916
1653
5409
9161
4048
8035
8726
249
9110
6766
9313
2635
5556
9376
3446
5965
3768
8336
800
5783
2579
243
5232
6291
6371
4361
5104
8029
9040
8142
8287
6794
1612
9812
8847
6049
3063
6349
8411
3942
3647
1653
7497
7950
795
6124
3488
1531
1935
3019
4674
9533
7854
83
8937
285
5178
5253
6447
8239
4853
8334
4917
6095
7518
3626
5782
2083
7611
6116
1963
2159
1286
2526
7677
7402
389
5430
698
7783
9042
1441
3105
150
1135
9024
8209
5938
2398
201
6003
4467
8993
2469
6604
8003
761
5552
2753
8271
6574
7220
6500
6163
4302
5933
991
2243
1137
4520
8924
4955
8682
9439
8393
3228
5795
9865
5691
52
7225
5240
8006
1783
4109
7168
7119
9887
3666
1893
8995
3339
1608
5920
4373
2482
2683
864
5970
7235
4079
1762
4177
9723
4715
1213
9109
5505
2234
6087
499
5344
5982
6064
9198
7053
235
2381
7707
8060
119
7267
8563
3884
4
1172
4153
1195
5619
1507
4456
7628
3917
8652
279
795
7121
6551
1041
9366
332
4781
2767
5640
558
5861
2891
1949
4825
2794
7966
7424
885
6175
6931
6842
441
108
1256
2098
635
342
2188
7766
237
1286
7814
5585
6088
469
4302
4616
5835
9564
1660
5964
3283
4319
3874
8958
2505
1579
7277
3026
9562
8883
206
1279
1476
4106
7302
2072
5820
139
7199
5898
3988
6156
8937
3411
3845
7415
5892
2263
2574
4762
5620
6344
6814
470
800
5000
9969
7071
6585
9282
6962
5630
6838
6923
7186
8660
5915
8874
2796
6073
6715
4228
3211
5909
1235
276
6803
1294
6909
8702
3304
2550
4435
7736
5893
9321
7111
8644
8470
7363
4548
4793
8904
8073
2487
3107
2335
2284
9471
5026
8377
7334
7426
5774
1029
5262
8105
8482
9140
1382
4322
2240
1634
8521
8391
3487
9902
6837
7211
2932
9019
4085
7240
1341
1165
7133
1885
3261
6848
6728
6864
1116
584
6205
630
1567
4306
9543
4485
1323
9875
890
9376
5061
5894
7109
8220
9922
1699
849
1057
2847
7800
918
7248
1821
3105
2312
5315
2955
1398
8718
3614
8460
9602
3362
8643
6361
3330
261
6663
7696
3697
2570
850
7212
6718
6218
6178
4548
2647
2592
5205
2529
7460
2807
1351
1376
2490
7772
2469
9540
5937
1236
8727
6768
4401
9981
7449
3598
1957
7009
6397
952
1403
3979
1551
2504
9048
7974
258
9247
5871
4819
7465
1388
4266
1461
3577
1393
9464
8528
667
1689
509
5032
7533
5918
2647
6597
8775
9197
8386
2382
4353
886
3688
673
1529
8465
2256
5131
5966
9533
6697
7486
9752
6938
4703
4331
7863
5862
5465
9154
1962
8788
8666
7691
2923
1170
5509
4269
4149
8103
4642
6389
5361
8958
5613
58
8212
6280
5788
4832
583
2624
8306
6471
6188
9429
9739
3946
3126
9086
2165
5553
9699
3745
9281
3269
8734
8318
6202
4598
1742
8646
1126
6434
406
2660
1228
8486
1640
742
8800
8947
513
3306
7173
3028
7547
3683
2298
5582
3312
635
9663
7892
4300
9014
7167
1209
5972
8171
1305
5205
7700
8584
2307
1627
1357
2593
5418
7499
8009
1519
1380
4696
4682
545
9986
7988
4931
341
9716
1077
6536
3101
2932
4473
5112
1078
1144
1198
8136
7376
4364
7055
1733
6522
100
4197
8554
1893
9660
6482
3012
6601
980
7762
1329
7349
3361
4628
9747
2785
1321
3541
5636
5335
3833
1209
9416
8122
4497
4334
3956
3086
3699
5954
6374
9031
8367
5684
8932
7271
3187
4015
8993
6323
6017
8779
6292
3531
2546
7361
9815
1003
6955
6124
8003
4586
7773
7068
5847
7517
4040
4044
510
2544
6312
3263
9624
4312
4530
4570
7657
5413
7530
4738
3171
495
7559
8708
335
3146
3399
7889
7221
5081
6566
11
5143
4893
5304
6971
5088
9976
5230
6709
8428
887
5095
4377
9885
3165
9748
5802
2755
8165
8922
5449
5094
2514
2733
2257
6600
2216
890
4639
5140
6127
9737
8812
635
3315
4869
42
7727
5063
6280
8612
6905
2582
2116
7647
9399
1618
4324
5018
675
3469
1706
2271
373
6168
470
3743
3174
3749
7590
2474
3770
7058
1650
6566
8503
1256
6094
5927
5321
9743
2748
1574
6566
1027
5918
4606
4898
7057
6924
7246
25
4638
1751
8504
9435
5928
5457
3767
3917
4073
9080
3312
6143
3516
2877
7670
9291
3516
9532
639
2309
4837
8154
5553
2255
5802
6220
800
1339
3762
3762
1232
7107
6605
8892
4840
7270
4698
2881
5656
6001
2759
9032
6580
3915
1492
5759
3857
8154
2544
5568
8131
2878
6619
3743
9879
8648
3519
9930
2379
2633
9972
9603
965
504
7032
1603
6845
5320
6213
7038
5817
