7254
7193
3729
7355
1914
9348
2073
9439
4319
3756
8308
4766
7546
4596
8651
1306
26
8319
459
3980
9195
8148
9213
5421
3310
8975
7552
8929
6049
6441
8276
495
3852
4744
1943
6708
1586
2805
9067
1362
6730
6945
1270
3292
8043
9899
3040
7085
1960
1551
802
9809
8874
842
7721
9840
1896
4327
7539
3820
6063
2031
3326
8975
7873
8406
6998
7616
9798
2218
5562
8791
6542
977
9504
1904
6401
3343
2420
7439
5249
5848
8217
8592
2808
9477
7719
7351
3481
331
3945
3083
1284
1120
9677
4978
9142
2509
8661
6284
5219
3427
8646
3530
5689
2774
6704
8232
3122
9881
8688
8586
323
7582
5905
5531
1380
7761
8149
1531
9997
5926
61
2792
5258
2697
1950
9531
1010
8997
8268
1560
7619
7815
7313
7401
4999
6528
9468
5644
1469
2920
5830
4693
9583
9574
516
9371
5955
3213
1042
7174
3532
3631
3922
7871
7208
5120
6210
9776
3461
2729
3388
1180
4764
1063
8650
1075
266
8393
9857
7661
5936
9996
5683
4524
5774
1033
8441
6593
9875
8886
5758
8602
8548
6170
2446
7098
2825
7439
970
4283
1471
8468
8879
1363
7996
9166
8472
6512
6544
7675
504
617
385
3829
8200
4914
7855
7633
4713
2670
7463
1189
6660
5173
2188
4567
1124
5870
9671
7588
585
2896
4365
275
1160
9723
3523
3398
1371
5606
9360
5713
5459
7831
4368
5369
5736
2857
2757
2508
4686
2268
5333
4771
6489
5799
1082
1628
8030
1750
1195
2194
3223
3099
7529
4192
8684
5568
2270
3002
4165
9395
1433
5181
6907
3632
7127
932
7574
7607
9436
9286
7092
6218
9700
6379
7371
5056
6483
8704
2514
4088
4086
56
9040
8548
3487
1941
6455
2251
293
9784
9735
1773
568
334
9303
5003
6279
2616
9250
4443
5969
4674
5542
657
168
2514
9900
5949
5563
109
2059
2313
4357
1564
8611
5656
386
1910
6430
9031
8764
4757
8206
1299
8434
8339
9581
9977
1585
1926
4843
2852
8752
649
7260
5981
764
4848
8257
2107
509
1338
4871
9118
4351
8596
7090
7910
1873
7738
1247
9031
1682
7723
4802
9217
7956
6263
405
6097
3431
9873
2836
8099
2141
8823
7029
4395
7178
1037
8461
2935
3637
1376
2958
6691
117
8768
9649
2116
1412
2359
113
2980
4478
3635
4536
7645
4988
2703
827
351
7994
9060
8589
8744
2823
640
6340
7078
7459
4928
3104
8980
1872
6581
7846
1218
326
6582
7281
4594
4752
9435
7065
1345
4850
5742
4953
3828
668
5938
1071
8998
7759
5495
6801
1552
2136
4703
6963
749
8342
5465
4234
5912
6552
6994
2287
169
470
9008
6104
2439
8332
4961
3486
7173
5399
267
9307
147
2272
3212
1
4947
9634
5303
562
6950
5793
776
89
623
6286
3752
3524
4025
4335
4860
8817
5030
6219
4895
2444
2904
2247
4359
5626
2617
2597
9936
413
2466
5227
129
8670
3084
6942
9649
2986
4890
1318
1095
5953
897
1006
538
8394
1599
7158
1695
5422
9581
6535
5747
4052
3360
7071
2559
2346
3255
2072
8818
9022
9500
4166
3173
1731
3306
1483
2609
4850
1629
3673
2356
7313
5569
4120
3384
627
3546
6885
731
5119
9146
3850
6552
1709
4417
732
6537
1826
274
6929
8937
5353
1561
1612
7449
211
5834
3307
4980
2336
5972
3571
979
3109
9457
9011
560
838
1033
3617
865
6606
7536
8925
7187
4442
4749
5926
7593
9705
7979
6470
4591
3539
7766
3687
7896
1724
4260
5907
999
9615
9138
609
962
3542
3625
2849
4782
5684
1991
5571
6930
3497
3578
7275
6667
9429
3624
6877
1382
8802
9191
1030
2175
5153
8540
6670
7259
5680
5052
8405
4304
8438
1064
2152
1199
8078
757
3080
6959
1911
5023
6421
6738
3209
8294
9451
1463
6596
2
8876
4534
2533
6706
763
7003
5014
4290
5451
4263
7276
8720
6220
4495
1122
3209
6629
6452
672
5503
9479
9352
475
5290
2314
8543
6685
9717
756
2978
168
8999
1858
2348
5186
4145
7512
4935
5358
7501
4426
1745
3665
5785
4177
9384
9732
9614
2961
2509
4231
2742
117
3317
7980
4435
2574
4369
1108
5916
2208
1603
8148
667
3079
6045
2056
7382
6040
8436
6087
7473
9858
4604
5378
88
9165
5628
5590
157
742
9410
277
9297
2535
9552
7701
7721
8318
377
3053
8347
6030
4737
1980
5304
8804
7475
6959
1195
3626
6042
589
8555
1241
6630
7708
9211
6935
7282
4968
4768
2396
7218
27
2852
2310
9199
273
2533
7711
6056
5976
5814
5766
8963
3146
7813
8926
3268
501
741
7396
3695
5323
689
4925
2621
624
2264
6881
6660
5728
9830
2539
9336
1391
1061
124
9488
4033
3998
3977
8552
5977
5560
8764
6194
1197
9866
3046
5397
7070
5116
1816
8364
9265
789
2020
4564
3827
7901
4115
5823
8162
1575
6591
9801
6087
4016
8448
3563
2652
9541
6247
4121
8689
3695
6672
7684
7931
6439
9030
3433
5930
7967
7317
6295
40
8984
4072
6332
3745
7484
8812
4590
9877
4130
7155
700
136
9494
1408
7715
486
183
9533
1168
493
804
6182
5179
5071
5014
951
7710
6497
5041
2758
1563
9576
7614
7167
259
146
770
6493
2939
8390
1679
9285
5881
7207
3546
7882
8586
5254
3883
4553
7167
3396
4124
6078
8179
2486
7858
1439
135
5019
8243
558
5043
7559
6749
3270
4210
6493
6570
7577
4091
6798
1478
7483
7527
4447
3472
5703
7215
9284
4752
1283
6212
93
3817
6998
7862
4913
7874
9236
7831
2217
4835
7339
912
6161
7924
8039
9417
2351
8927
9639
9203
3231
2789
7089
1401
4767
8418
5387
9564
7111
2529
6264
963
5062
4099
9887
522
2227
2852
9834
3868
7138
4784
1930
4773
2802
4088
3702
3825
2763
419
7622
1380
8171
6578
320
63
6340
3049
7666
1812
7122
4117
5128
9144
9618
8397
9613
4532
3651
6235
44
9093
7992
4909
9182
2946
8373
4375
6553
770
4718
7453
8128
1356
9574
8843
1456
8776
3689
4191
7718
1324
8037
8946
4519
8592
2451
4498
1531
627
7039
8072
4894
7538
2409
8510
7316
5904
2430
7419
4497
4590
7519
9798
9063
9088
9012
3089
5554
8662
5829
5054
5720
9870
569
8986
3416
839
91
2287
5112
8536
4255
4458
1147
4910
5289
8447
1094
8180
7699
6807
7529
1335
166
207
1579
8080
340
7943
1744
4826
1453
9880
7230
268
9092
6078
1485
2298
9714
4477
787
6031
4010
4953
3634
9714
1617
9553
6909
6196
1778
8101
8359
4190
1794
4264
9828
1204
2869
1122
4022
2440
4032
7851
2636
9165
1157
3809
9356
3997
2577
4973
3857
7176
278
5337
2391
8834
942
8150
7999
8514
6305
1259
1355
8512
7964
1591
9107
2118
1590
4936
7147
3983
5063
6713
458
2127
5890
5371
5433
5681
2783
5273
6950
9621
8890
4958
3574
1830
4006
779
7003
7468
5909
6569
1586
9440
611
8278
8338
1049
8687
7783
2200
9416
7427
7302
8098
5654
4452
2712
6169
7751
1036
9086
2668
4180
8392
8873
8544
993
7497
7474
9492
8797
9128
6056
1952
5952
1837
8580
288
4220
9691
5455
2957
7345
81
1514
3811
8818
1275
6702
6811
1585
373
7874
6960
2764
2396
4183
6638
7575
3294
4428
7400
8992
3672
3529
3427
1269
4447
3517
4207
6707
5819
3265
4437
9294
954
3263
6724
9838
5692
869
3441
794
4017
5485
1813
8865
242
3118
686
4883
5394
8958
965
8315
935
6018
4908
1324
7736
5779
2971
894
3290
1786
1859
4451
4420
2726
7915
5474
6254
9086
360
6026
4868
5997
8122
6599
2175
7863
1918
3973
9295
9284
8195
3085
8617
259
1907
3460
2521
6022
3371
6615
542
1981
7827
6791
8972
475
9898
743
2189
2007
8780
1574
2920
4328
7352
3146
6987
4487
3902
7341
8338
5730
1805
1814
9621
9588
1865
5424
3680
891
5115
5879
3261
8837
9091
6291
1330
2322
540
8937
6990
6614
1079
2174
6034
8290
7692
9971
8551
2633
2915
4334
4545
1266
3774
9719
9758
4845
6822
3133
1907
7044
1216
2402
2787
6835
6368
2044
9419
6899
2366
9582
1394
3785
6866
3365
9431
6350
2762
8234
3901
2408
3381
899
8062
1548
333
2747
9185
6365
824
8024
3622
5752
4217
6408
952
6047
4305
8497
2012
1396
1139
2692
1776
5350
2827
9256
4752
5110
2397
6618
5467
3829
5121
224
8380
9884
1406
3097
6721
6479
8443
8813
8021
2254
5460
98
6962
8563
9502
1368
6135
2977
5032
4217
1345
8687
6346
4493
2918
5325
947
1633
6495
4382
579
875
7927
9177
868
153
2487
4801
4430
8443
8232
7080
6431
1384
7996
812
3989
7906
8930
8817
4379
1310
6726
1789
9042
8730
3477
3779
3727
5275
8177
8303
8760
8182
753
3801
2369
6882
2506
8231
7503
4099
8783
9626
2646
8291
1257
9911
6030
3548
8180
6931
8781
5695
8262
2677
4606
284
7108
8824
1714
7474
4107
588
8565
6696
8016
7531
894
4659
7730
7157
6577
7393
2223
6602
2861
7851
403
5168
2771
2590
5195
1199
3942
6554
7721
9063
8525
5617
1818
1689
9628
4556
2375
8760
3767
7577
4441
9734
2578
6597
4957
1923
723
8993
224
5699
8782
1677
2538
9768
2284
6774
1549
8866
8517
479
725
2878
2844
4401
7896
7329
1055
2727
9186
4724
1157
8433
3461
9535
2362
6304
5017
5084
9990
396
1809
4510
3623
8944
2816
4902
8436
7843
3116
6125
595
4145
6660
5287
9548
5241
7879
6994
7796
9168
5735
1990
1428
769
4958
8217
9309
2253
896
1470
4433
311
5614
5460
3741
8524
8670
6234
9250
8782
2636
6518
2457
9291
5228
331
8065
6310
1649
9539
4355
9937
8329
8814
7855
8309
3730
9956
6769
2985
7861
3072
8400
1156
4195
6875
2484
8903
4625
6849
6155
3731
5909
6818
4246
8745
9835
3407
8830
7120
6083
6524
7707
4132
1462
8282
9983
5196
9753
5000
3978
7721
7899
3522
3225
6027
3338
1785
7375
2623
5300
8936
8528
969
687
6036
9210
3293
6648
1732
8832
4743
9309
5878
8855
2
4793
4045
8027
9882
7516
3754
8353
4910
5565
8655
9480
9
3895
9228
3951
6997
3395
5291
1521
3613
9939
2512
2159
6317
955
7467
6402
6587
6666
6867
5869
2862
2502
2439
3186
4562
2208
2351
204
5424
9297
5325
1317
8460
5662
1734
5364
8319
2773
5391
8706
7919
2479
9195
9816
7204
8422
2227
2919
5033
8702
6464
9667
5777
7053
8825
3836
36
5617
5814
904
72
9924
3896
3421
1698
5928
5283
1652
1789
331
8847
5581
4171
7948
8191
3547
3686
9173
6839
7758
868
3406
2567
9078
7524
9274
305
5031
8499
2898
3380
3932
3808
8951
7826
7871
2125
3040
7465
5894
3657
8549
7482
3912
1303
1705
7219
6407
6704
5510
6970
5495
7377
755
8729
7365
2903
8425
3457
4447
3571
2797
6933
7152
3056
8456
7513
5879
581
7524
3334
1335
9251
824
145
56
815
4072
4787
1981
4953
5718
1367
9488
7792
6244
9664
5571
7561
2207
2484
6481
9606
5020
3788
5729
3356
1656
1187
5283
446
4256
4869
2306
6792
7874
8482
4182
7769
1505
9868
8647
3846
3064
7659
5661
5849
4078
3257
3449
4267
9715
9347
6896
6271
6769
5146
7240
5482
6320
245
4557
5990
3955
9438
4215
8960
7714
7416
1522
9968
2513
7038
5449
7278
8314
2538
7558
9772
7455
954
3183
3262
8423
6018
2583
4405
3238
4255
7470
7684
4464
9602
4432
8040
8930
7844
9568
9872
6324
1156
7950
8558
1183
9316
7204
3656
1818
1146
5228
6185
3874
4944
7472
3552
5045
8300
3215
618
6269
2270
2415
2547
7801
4358
2971
3145
53
6665
1119
9305
1019
4711
2081
9568
700
4469
8957
1553
4604
8248
4704
518
1281
9924
8550
6389
1833
7038
2122
3363
2217
7204
4649
3568
6880
4934
6642
552
1394
8545
9945
2566
487
7978
1547
8377
5178
4734
8403
7509
2736
6820
4101
9346
3027
1127
6189
4151
117
2525
969
1946
1688
5533
3960
5772
8122
4598
1612
3261
3794
7758
5385
9033
1842
9811
7404
6121
7826
6184
1218
1027
6705
4353
3609
5297
1662
6903
6268
2917
4501
3693
7197
8952
8709
6421
3680
7756
5418
4802
809
4678
274
2779
5356
927
4940
5083
4263
8190
270
7721
8556
7285
8605
3375
9617
8699
6571
8565
1960
2314
4297
3885
1522
1512
5281
3688
9832
2391
9623
7876
6199
3217
5421
8550
4244
2782
171
2451
3544
5068
4028
2311
737
6831
6650
404
3917
45
3165
8983
2686
5816
9797
8322
5051
337
6529
5917
8235
5722
7980
7691
8751
9975
5251
5293
2406
2560
8717
9696
6047
9250
776
5192
8837
4111
3614
8556
9462
4101
3634
1404
3866
5259
3129
9526
8400
3131
992
8314
5076
8621
6270
8349
8858
2144
9997
8168
546
2001
442
4923
8206
8055
5328
9095
4711
8100
8861
6785
4742
3043
962
3348
1653
3036
5334
1373
9218
2069
1885
4417
8379
1342
1242
4578
7291
1393
4278
5202
5591
1012
3089
6605
9994
2200
1794
5158
9137
1925
8465
4884
2199
9319
371
956
3185
8872
7402
2553
8820
1079
3677
8520
1138
2580
6791
2440
9733
237
2080
6590
7833
897
4889
7793
5484
2846
9861
7506
827
6282
1215
9353
5394
6749
4192
2122
4367
4338
2040
3980
1260
8379
2182
7657
202
9750
6178
4466
6267
8708
2519
7512
9733
9718
2557
208
5076
8450
6442
8875
434
7583
7862
3809
8018
767
6316
8180
6396
7776
8830
6222
6366
4184
322
1989
6670
2167
5373
8713
4612
2781
526
118
7564
5490
6037
9660
1177
5094
4908
498
8583
7604
9901
8207
5805
2927
8930
5159
2766
9624
4588
130
2900
1512
8633
6426
3460
5675
6362
2399
8360
1540
4497
1890
342
9484
9888
9843
3101
6089
4750
8537
1411
6699
8637
7984
880
5522
5059
8596
850
466
7785
8982
6201
5320
69
5468
3830
5928
1724
4952
9272
9070
6775
3086
5304
1448
2090
2276
6034
3580
6853
7851
7130
2687
272
5434
62
9146
9090
1860
1562
5402
3170
6389
2175
9645
7765
8079
395
4583
5673
6756
9712
3693
7628
4128
2655
1529
5363
8376
3680
5582
603
2562
1102
9644
5973
3793
2678
1547
2880
2566
3696
7518
6679
2643
4142
5230
3701
9937
7405
4690
9325
1021
3476
7402
2680
6682
5786
7944
871
2807
169
781
4775
9184
970
8725
6541
680
8829
9134
3473
8975
463
6277
2988
1538
9479
5922
3946
8399
866
7936
8237
6362
3701
7940
2199
628
2448
404
8095
118
393
7745
9175
1724
6145
7868
3923
4538
7085
7847
4159
9827
5272
6618
7111
5081
3661
3699
8588
3197
8618
5842
300
4923
7857
1629
1829
7368
3623
8216
5878
1305
5421
7033
9957
4233
2211
7212
420
6964
3771
4180
6414
2378
5301
1695
7686
3036
9643
3539
1638
3035
2873
5496
9597
3103
3866
7412
3269
6835
4343
4732
6367
4057
942
3439
5339
1171
986
4514
613
3501
9181
5362
6034
9485
4857
4192
4307
9064
2227
5993
3657
8570
4670
428
3774
7363
4231
9213
3715
1056
5332
8084
4002
3423
6567
7167
537
4106
9813
4253
168
6521
4174
8121
636
2192
1319
4783
5608
8108
8447
6731
4272
3684
2873
5602
2488
8192
8387
3778
6157
5757
1445
5145
533
8669
7422
5555
1420
2345
4566
1241
8972
8335
2400
5342
8711
7709
3058
4970
119
9966
9296
2916
4541
3043
1406
1906
5965
2341
5679
6040
7240
3225
105
6287
9816
5267
4664
7364
8924
1586
9995
8937
1738
6524
4165
306
4430
7144
5281
7661
4931
7067
6271
5946
7324
199
3446
5284
1848
347
1503
1728
3362
6485
1620
1719
3258
5976
7043
4965
2043
2199
8662
9386
8535
17
6136
9802
4764
2278
6214
2466
3922
8002
504
1102
8523
4877
9440
7806
9041
4646
9772
5111
7569
4042
197
4682
8704
9464
1538
3884
2800
1347
3454
2548
1745
9141
8446
8491
186
5965
9374
4129
1046
6819
80
1422
8788
4056
3572
2064
5591
5080
4168
4163
3962
5874
1657
7925
3392
695
462
1276
3768
2366
9931
4900
3268
8635
1288
6665
5623
3449
300
2051
5230
618
1462
4548
7799
4760
938
36
3423
4678
4992
1160
2938
8842
2686
808
6632
4306
7171
3415
1516
6943
4479
697
3895
512
4584
4767
3520
8676
4360
6593
2491
3293
3992
2435
7823
9186
2341
7992
2295
2728
5651
4106
5842
4212
9297
4255
6328
4415
3555
452
8532
1719
3634
3469
2185
9455
745
8018
9829
7979
149
2087
5950
5336
8600
8524
6552
19
328
6695
5924
2597
9341
4688
5267
8869
4110
7680
8093
394
6093
9725
714
5281
1414
5644
541
7091
3571
4902
1356
9176
6326
8442
5192
17
6697
1040
6530
202
7694
1628
8171
7746
4562
3832
2778
6206
8769
2539
5486
9738
2583
7476
2663
392
5936
8274
8081
2948
4205
6470
970
1705
9743
2235
2215
5529
1174
6121
3833
1626
1146
2839
2777
4010
4710
311
2728
8273
6138
1885
3078
4757
2969
7818
6959
7694
4340
9608
7648
6056
221
6846
7349
8749
5815
3017
1831
4565
59
6204
7300
4091
6883
3836
3161
7706
6281
4381
4469
6333
4931
6037
6758
295
7
6984
5490
3129
461
6536
8783
706
429
8199
117
7868
1565
2060
7667
7895
9731
1603
8208
64
1488
5432
2840
412
4817
2797
6090
2445
8947
2114
1635
7249
8206
3576
9182
175
4713
288
1383
6590
581
6922
6485
3329
4531
1517
4913
900
1713
2012
9186
8594
8086
5855
3953
1175
1493
8409
8103
1608
1074
451
7698
5083
632
7832
3055
8796
8333
7907
9181
6763
6226
9418
6845
290
3390
1769
6970
5533
7162
515
4395
9297
7724
93
3230
8167
4500
5596
2741
5989
7583
5359
3179
3885
7441
3016
8750
4716
187
3191
4458
2170
923
9909
3323
2530
1451
1074
7491
5602
2257
3009
7084
6254
5471
8997
8359
3463
2803
2062
4888
4948
6649
6005
292
7242
5077
8809
8169
4293
6662
538
9053
5511
443
950
5114
9407
8437
3338
3767
9580
6806
4503
1414
9632
788
3412
832
7572
1381
4586
9515
6083
5468
1704
9719
9241
2097
523
5728
3078
3105
7128
2576
510
6006
6976
139
3051
1581
6745
2811
1626
9177
4839
9336
889
216
2457
4279
2866
8571
2282
1663
6645
9834
4379
8604
2727
8990
7866
6436
1100
9826
4348
5369
1755
3888
7207
8520
8997
6317
9201
2024
7105
1265
8325
944
3560
3835
3223
5521
1210
4330
8717
7779
8388
3034
6719
8220
9143
2996
1315
2891
5805
9810
7442
3996
9699
9801
7007
1867
3728
3259
7627
6013
7879
1644
8984
7828
2250
8105
9108
5004
454
2463
3975
1771
9888
8619
9163
9192
94
9955
1390
9494
6167
3999
2300
2670
7765
501
9489
8496
219
8852
2334
7398
1232
3579
9686
250
6369
3491
2393
3372
559
8945
7820
2292
2247
141
7912
9340
3496
4141
1469
7897
1638
596
9548
6190
9737
7412
4359
9626
3589
5088
783
9037
8221
9296
7539
3228
776
6602
3659
2803
9355
5969
7204
3758
3828
2886
4008
5854
5867
9543
5713
374
3669
351
6797
7468
2753
106
9739
261
3621
828
1073
9640
9233
8356
3979
8269
2258
7077
5992
694
5187
860
9422
8996
110
9723
4623
9057
5830
8423
3632
5741
98
1163
1245
1423
4575
9458
4102
2837
6385
6353
5874
4695
2963
9834
4945
1804
8035
7682
6534
8413
4977
1685
3524
580
6399
79
6204
2418
9982
9809
3605
8904
6347
8970
5592
3611
4848
2359
8249
1535
6656
9176
6276
1983
7783
1676
7782
5454
6237
7988
7644
5777
5270
4008
6871
6192
8689
9817
7332
9583
3259
6497
9533
3113
4455
2798
7075
1909
5659
2024
4535
8848
766
8984
8862
5399
1346
9511
1447
4723
6620
8707
3385
4388
1883
9930
9469
4878
5037
8980
592
2858
3059
7690
9537
3661
443
9735
6176
9822
4196
5103
2329
2722
3737
3150
3011
6596
2277
9081
5980
7027
8634
7203
5144
5713
1055
8428
6131
7743
9974
5723
2869
6118
1008
3427
9910
7862
4698
162
1470
6346
5476
6468
2416
7526
3154
9103
2620
110
8439
8500
4857
463
3784
1149
6319
8693
803
474
6733
2451
9060
7905
8804
767
6163
5119
5049
2904
68
327
8292
5706
6173
1626
1554
3938
3756
5636
9651
3510
7463
3704
5322
8562
3630
3547
6278
9109
8717
5352
5038
1378
3497
9254
9368
215
1845
1918
7464
5114
3512
3247
5225
344
1584
7769
8642
8531
8869
2830
9894
2198
413
3713
130
9696
8440
6506
5203
9725
4856
9526
7167
1775
3177
291
435
2152
211
4828
7132
6867
3694
7315
3755
9995
2441
2163
9913
2310
3225
786
233
8531
9424
624
9677
3492
881
5676
547
2376
8481
8206
8460
5725
5101
6647
2539
9681
346
2874
8181
2362
8465
6416
2783
3367
9326
5234
4434
9354
6247
5175
9608
9364
6180
4144
6417
799
7530
2271
52
9561
2541
2521
3202
587
9196
9284
4473
9804
2658
7081
2907
744
8008
4498
9917
7073
2273
9624
5825
4394
1814
937
5839
3706
5290
3065
8688
3437
5497
6002
4861
8779
4318
7413
805
961
7410
385
7101
1570
1026
6304
5329
3066
3071
4576
3898
5082
8423
6772
9875
2995
3541
408
4166
687
2446
9073
9775
6824
8335
6492
9329
9899
764
7271
6785
796
1398
3907
4771
2659
2305
7412
9417
2596
8705
9871
4200
2830
3447
4179
7034
5145
8179
5732
5413
8417
915
5410
7549
1477
482
6826
8694
3820
8377
5673
9664
9146
7767
3185
6094
4609
7763
5208
772
7788
7748
9356
8756
2059
431
6326
5970
6771
9043
7751
6093
8631
2502
9778
7004
6358
505
9304
8808
3954
7867
9580
6156
4506
297
2588
3331
228
9040
2493
6289
9950
2766
8438
9104
8820
9726
6122
8759
8320
3834
4483
7059
5030
4153
2017
9707
1801
236
7609
9174
6134
229
4122
3781
5863
3950
3974
713
5453
4969
4029
854
8091
8918
8678
185
2773
3062
301
5056
9631
3754
2720
1449
780
2524
2814
3308
1370
9405
7388
9932
6799
250
4241
7045
7785
9814
7753
5417
267
196
6503
1797
9506
2128
9837
4961
6533
7622
7007
7010
9043
4915
38
2561
7291
880
372
7827
6522
4765
8919
9418
6932
8313
8792
6782
4490
4876
5277
4440
5559
7711
4797
6063
1783
9514
115
4256
4093
1271
9940
564
7257
7434
6866
6429
5238
6010
340
9666
841
4869
2158
6166
4810
4051
4463
3352
9965
2570
5938
3667
3393
3287
7732
5345
1880
696
1797
4702
4244
3324
525
5878
7171
9272
1775
444
9080
7456
6494
4470
9405
564
6072
122
6249
8754
3248
8779
8076
6407
7408
6628
6040
7856
9842
3304
952
8974
9912
5677
4950
4231
9669
9198
9752
1404
8368
5539
9784
5542
2456
3204
1371
783
7702
1297
480
3809
8072
1341
7262
3233
4231
6746
6142
9187
8270
7540
660
4490
9003
1627
1450
5517
497
2054
2053
5190
1631
7342
9482
9763
2746
6324
3549
554
2432
7345
8931
2886
3314
4667
6608
1376
6055
3658
5404
6679
1584
1451
7567
830
1782
1757
2334
8649
1969
9352
8226
4276
1402
851
6558
5544
5879
6057
1693
9077
1623
6818
3708
3869
2253
3066
6951
3776
1375
4922
669
3517
3331
8658
4342
2224
954
2862
4343
7991
5031
5063
6536
9398
9996
5042
3446
5478
8943
8686
6812
8067
3500
3996
611
1238
7900
9884
651
7713
1810
877
6101
9572
5537
6568
5892
2496
7638
4525
4448
8098
5436
6544
890
355
1057
6392
1207
7877
6247
1206
408
8908
254
2128
4422
4475
6979
4750
4673
8090
3257
1121
655
8368
1641
5664
6041
2260
4051
6111
532
1587
8304
7492
3922
5289
5269
9738
5114
4181
768
1897
4396
4928
1625
6576
2422
3665
7632
8788
3133
6019
2292
6330
8800
877
7285
3744
2723
1013
5264
7393
8324
3954
7436
2014
6013
2386
454
9111
6391
1279
1090
7838
2121
6977
4860
1935
8866
7617
382
9068
6851
4270
6970
4014
6936
5842
855
7978
965
5695
8747
5301
6746
1865
200
8181
2961
5002
8223
5512
9590
8422
9328
2578
3465
4300
9630
5792
1096
149
7084
2328
5956
5293
5242
2572
5849
3728
3058
1475
5980
116
8870
4245
6363
9924
6238
9338
1662
692
4959
7174
5536
5052
753
7873
971
1465
3979
1186
9248
9185
3236
1488
795
3916
3097
2887
1203
8978
5053
1828
486
8876
769
7061
1644
6170
8303
895
8638
1472
8697
5103
7658
2789
6035
7614
7755
7747
9579
5320
2037
6965
1128
6024
7937
4844
4863
1394
5440
2065
572
5254
1191
8440
6497
1568
4736
9222
4205
9387
3233
8473
5392
5190
1630
5469
8145
5360
1969
6079
5268
4596
2438
8003
8265
3236
9691
892
6479
3929
6413
9749
9282
9903
144
6012
6917
6340
4174
4537
2938
474
3559
4066
2138
1577
1926
9531
6432
1930
8985
7801
4758
5893
1768
2827
2475
4878
2202
235
8722
2008
1548
4687
6323
966
4416
7878
7093
2788
1896
4893
5440
939
8750
7946
5800
5581
9744
8643
390
4116
1984
1601
4986
8642
1359
2667
6818
303
111
8184
679
6525
3187
335
1685
8710
955
6440
5185
705
9708
3595
4179
3494
2931
3246
4483
660
3209
2945
6657
9647
7135
4331
6617
712
1106
5110
2082
2872
9345
8872
8570
2454
5840
6375
8623
6512
6431
491
4829
3958
7144
6869
9020
1329
6585
6406
5485
816
2807
4080
381
1665
9189
6876
4339
7151
8994
9468
3058
4395
7593
1172
4688
2892
6392
6188
2171
3698
9960
9072
3334
3057
9056
2715
3102
2119
587
4863
6372
2549
6699
1761
5398
9237
2052
2510
5141
2419
316
2900
871
3879
3530
2462
6814
7547
9275
2312
674
3683
9395
597
2220
5945
9147
8432
4276
585
3070
3570
5967
3215
2281
5784
9629
4503
3606
2114
4761
3355
2104
7261
5722
1740
9243
4411
3171
3370
5271
6163
3427
5268
9678
4074
3265
5564
6357
1577
9067
2502
4266
4682
5958
4768
1490
7082
8057
6678
2206
2967
1237
5805
1328
1060
9703
8993
8126
1107
5284
369
9689
5789
800
6600
3059
6444
4161
9495
2573
1289
6343
5532
5820
2342
7073
9672
5633
1056
1000
4508
9701
6122
4414
6014
7930
6360
1963
6828
3756
9253
8168
301
4956
969
6928
3620
572
9813
7363
203
3621
1794
9338
7913
2344
3768
2840
8448
9394
6137
458
6652
1637
4490
230
6352
7581
3780
1681
7801
6989
7870
595
7007
5095
4157
1061
4133
9600
3792
7089
5549
2669
3913
7743
2879
7644
6082
6763
6472
2695
7521
7045
5654
2511
4913
9300
5267
9724
7292
4906
7009
7503
465
3139
7938
5380
9407
3464
9629
3504
3678
4941
7308
1177
789
9152
4301
1464
2016
9829
8270
5335
7710
5212
8482
784
4941
9911
4430
9693
8651
8172
5474
259
2549
7242
7688
9386
8984
4116
2263
9450
7432
2611
3012
3649
543
402
9372
233
9358
1205
9286
9201
524
5141
1553
8412
2135
1899
3996
8180
2200
5269
5651
3798
1091
2610
2260
809
2860
9021
1746
9693
273
9624
2072
4250
7768
2424
2918
7233
492
8517
9720
1588
3649
3586
9531
3555
2195
7668
8619
4886
2746
1502
2946
8637
1858
2564
8848
3060
8245
2107
9010
5543
9795
5559
6761
3762
6740
6462
6619
979
9074
6891
7238
1867
6053
9656
8169
4975
6050
333
2386
9003
2148
8112
5116
1444
8360
9097
9566
741
7216
1213
7144
7032
7937
9702
673
9733
5883
4926
9823
1337
8225
4123
488
313
2415
6512
1955
123
5143
8505
1302
9925
3986
5106
1314
8425
6561
462
4189
928
8717
2945
6622
754
3255
2122
5805
5331
9569
5829
2408
2143
4996
6786
7205
5251
2388
485
5983
3627
3931
8976
634
9023
6496
2391
6070
1839
3897
8413
7921
9146
1721
721
2974
3339
8692
7196
13
3439
7442
9345
9864
6816
4261
7687
8635
6835
6967
3766
6806
4049
1547
6602
7037
2626
4478
5098
226
3641
6437
683
8649
1950
9698
9684
7106
3522
637
9920
8528
4001
7824
4464
8040
1137
5896
4123
8471
6762
5396
6409
574
524
1907
5142
1196
4538
75
1845
8697
7870
5328
3449
3971
6336
665
5812
9859
3598
1029
2002
9764
6647
9803
5910
964
3994
1704
4331
1741
6190
8688
5228
6595
8360
3984
6259
8076
5854
5034
810
7800
8647
963
641
9568
5016
2031
444
3378
8037
8915
8261
8224
2859
5042
6078
4759
3473
6824
5247
2166
2495
5819
7251
3623
5610
4509
2136
5870
1941
353
5081
1831
1561
7216
9866
2623
4832
1438
8200
5628
3084
6224
4373
4685
3506
2135
42
6096
4252
334
6068
8228
844
3897
7908
232
6084
5575
9366
6194
8408
5889
4076
4784
5308
1134
9266
673
632
3984
4172
3180
131
3413
3149
6506
815
6360
5981
4662
2016
3300
4664
9736
2028
5525
6343
2181
7983
6939
7415
280
6104
5368
4718
2832
2323
7466
4644
9077
6305
7774
2690
1021
8123
5940
3317
4366
5688
3575
9295
8292
977
1088
6256
6029
3514
5281
5758
79
1891
3337
1102
9564
1373
3502
4443
3214
1632
1321
8555
3420
7052
3933
4805
5630
5707
5056
3565
2790
8053
9489
7698
5276
5638
686
3941
4557
6845
7430
3346
1377
795
1282
9442
7597
7798
8370
7768
6985
8597
7363
4068
5602
6101
1197
6984
1236
4727
9864
8714
5813
7917
331
6032
7102
5904
2801
414
5476
6744
4714
1349
4149
5601
8455
6473
4171
2394
9171
4352
1226
9583
107
2939
2091
1966
2206
9005
3240
2228
2460
9228
9926
1327
1260
6587
4213
8707
2370
9168
1535
2982
8906
7056
3738
1213
3245
2881
2127
6215
3760
7141
5041
1324
1438
5970
9258
2421
4177
290
290
6767
1944
7824
3160
3751
6764
5939
8703
6306
7805
3875
9695
6986
9921
9252
6827
7812
3734
738
8495
5695
4385
7853
4494
1739
8150
4423
9910
4142
7736
957
1031
7344
3105
7892
3225
5051
3468
3292
1578
9654
2332
8093
2235
5031
1762
1387
1056
8435
9823
3932
2411
8851
2901
5522
6417
3441
527
2942
6715
6479
9985
291
7255
3172
4991
2620
1368
9056
2620
4448
9133
3476
4282
2660
3579
7887
4199
1133
4340
4787
8982
9896
3498
8867
4767
989
2474
1673
5688
9548
1231
9926
2538
9158
7820
26
7594
7414
2956
9285
3996
5422
222
9651
6976
8710
4086
6511
5693
9569
2492
9615
635
6129
8534
3382
5542
2708
2523
1533
9356
4360
9224
5968
2139
8739
9894
6677
8889
5012
4346
4268
5278
3123
4279
9863
4356
9588
7906
2678
3120
3166
6405
3150
8526
1624
6868
2884
5170
9051
7213
8091
6987
1188
7037
974
2797
3299
6889
1326
1286
7729
3912
4307
7280
3560
5066
3778
4171
2962
1884
7272
8208
163
5825
90
5108
5704
3132
8866
2137
630
2194
6218
7562
9179
4560
224
5491
6726
2308
600
3827
4025
6716
1074
7354
3317
8628
7196
7338
7285
8975
7498
6178
6800
5173
875
6486
8089
5335
3411
5398
4304
1211
707
8000
4184
1774
322
7400
453
4193
5482
8748
4234
8545
5320
6029
736
2074
9453
7552
4372
8098
1076
9371
6361
2358
6468
1973
6664
6831
2793
7128
4751
2955
3943
9028
8233
6962
3374
6946
2890
4626
8500
8387
7073
9095
7770
1252
3698
2805
2773
6171
9191
5361
4961
2599
6175
4064
8487
7690
3616
6270
3370
3751
8356
2369
3238
6675
4592
7195
8190
7612
1136
3390
3707
6572
9272
4925
8519
4506
1626
6104
8892
3480
3853
4375
920
6018
9151
6132
1110
362
700
223
5595
2966
844
5157
4997
5108
11
6752
3816
2389
2464
8630
5050
3767
7387
7782
2114
2842
407
910
5790
4530
3811
9772
2011
1177
9529
6205
3540
3764
741
2804
5006
7510
3509
4315
3511
1531
874
7013
6018
1543
2154
2942
197
2238
590
9902
4000
7577
1359
4334
8491
2249
213
162
9860
4500
3823
5783
1241
8529
3933
6810
8960
5392
6567
6842
4811
3102
974
469
3842
1350
8659
5026
9238
189
5736
8716
4241
5391
2413
878
9036
9734
6066
2781
7974
7042
2973
659
269
2145
120
54
405
7595
7115
1103
8628
6603
3942
1247
5250
9446
9465
95
8224
6718
6425
7140
8095
7355
1538
8731
2906
983
4143
8699
5599
2773
67
7249
2805
7822
6281
2464
5350
3750
5544
6115
9938
5013
5786
1278
9211
334
4437
8881
427
7036
9677
6977
540
4021
5329
249
7914
6516
5892
8651
3446
7461
8839
1663
7514
6391
5713
1273
4682
6869
4602
457
1323
3304
9122
6966
8647
5025
6800
471
5330
7423
1629
9170
7070
1523
427
8798
6568
3355
4152
1165
4426
5789
5492
6245
1743
8945
956
3442
361
5532
2016
6849
1416
7161
242
260
9944
5722
9480
2346
8487
7306
2829
3878
977
8480
3408
6381
1927
6808
822
2854
4588
7716
8085
9607
3241
1202
2895
7120
4510
6580
7638
6561
8828
8451
7532
3579
1456
9774
5222
2287
4482
7176
1597
9904
7353
1237
2566
2076
2546
3451
294
2302
2112
4594
164
1761
9385
3295
4633
6057
5864
3869
8933
2852
526
1932
3080
7945
2749
1999
789
6711
1522
3339
1899
438
7904
4637
8741
1001
6080
5592
3044
1312
5565
1579
5210
1962
8506
7611
4995
5472
4280
4095
6798
1000
6548
8729
4693
4640
1638
5239
5517
336
2794
6382
6307
6928
7510
4713
6602
9592
614
8540
2027
4734
7108
4854
7638
4552
1747
2911
357
6856
7000
829
5830
4358
3480
2038
9434
1688
8820
69
2756
7103
3040
6581
1191
2203
6650
4828
8136
2685
9454
7813
7938
5565
1317
3541
5694
8121
2890
3871
735
7727
2594
7933
2918
4044
3663
4196
5687
6406
7160
4517
5653
1081
2916
1684
2309
9353
9603
4297
8655
1704
7498
2279
9092
3876
3593
9391
862
8209
9381
8404
1742
1137
1726
4311
71
4650
5423
375
8339
7107
1444
8153
4969
6048
9747
2283
2229
1775
2481
9845
4883
4508
6578
3206
4379
2768
498
1699
9311
3673
887
8640
4328
2464
6095
6619
5657
3395
6668
7526
6060
482
6265
4107
8784
1207
1429
2214
6299
9873
1341
6150
8135
4697
4762
7881
583
5649
9247
3268
9078
2413
5362
8507
8648
2286
9866
268
9466
9083
5874
9350
1097
1119
6889
4112
1530
6021
3178
4396
6688
2028
4444
6392
8019
401
5145
6999
6799
4533
3966
3846
7543
7140
9713
9771
9953
3777
4185
6510
2797
3447
2596
7168
7310
5860
2124
1372
8102
1743
8428
4565
1374
9830
2389
5266
2837
6089
4669
7777
7485
8824
8206
3118
7192
2451
4110
4664
7581
4616
2693
7970
6987
49
375
9373
1733
2112
3674
5310
8848
7966
5495
2272
5681
2545
4854
8510
155
1681
4159
4760
684
8933
7537
6832
8215
4334
1301
9659
9683
7199
172
7787
7608
6709
5794
2547
2330
7494
2733
8701
3608
3815
5618
9735
8866
4027
1120
7816
4485
8932
8275
2477
3872
508
4863
9050
165
246
9681
1985
7825
6821
751
1140
4265
1918
968
6046
3531
12
4418
9933
1211
1698
1606
2330
8891
357
5569
4600
7199
9208
3825
4374
3397
7842
6995
5906
4899
9713
5072
7038
9542
9395
3513
9106
3472
4243
1512
3333
6714
6219
5411
2560
2198
8945
6861
2211
8378
8986
1225
6899
5167
9834
3285
8289
6143
6599
5661
8111
1588
8774
6725
9278
3392
2409
4332
8236
794
1172
3049
7105
5043
5449
5871
3053
6660
1305
4429
8342
9433
7409
1834
1152
7305
2568
5453
5286
839
1564
9231
8722
9558
4687
2603
2514
3373
6010
3610
839
2607
8501
3346
1234
7970
5230
8427
1496
6122
4205
4669
1522
8663
4556
2500
3001
483
4573
1093
4830
7118
8857
4896
113
241
1768
1651
5784
7431
7423
1900
621
7589
7284
5969
9050
1467
589
5935
5774
7828
3999
4036
424
961
7829
1186
6883
8147
9610
9987
4335
5915
41
7719
9409
8418
9736
7939
5257
770
4165
8410
1300
9079
6660
8180
927
2498
9153
6746
5331
1928
8540
1055
8139
4528
4582
3015
3129
3576
4950
9271
9591
7332
8463
1012
3935
7830
5768
1193
5341
6582
7994
7043
2478
2936
8945
9592
6638
1207
8239
7953
4964
1753
6313
4316
9776
1523
7552
6569
3394
9951
1940
5082
9894
8718
9875
5243
7291
3725
3968
1949
3382
2422
7182
5003
6746
1475
4375
7313
921
8630
3277
1228
4310
8115
524
4190
2876
2340
711
9564
1837
8475
6038
2124
5195
5384
9449
5077
2452
5206
122
2118
8971
5032
4872
9193
1433
483
7457
7083
2953
2335
9160
5966
2363
626
6517
3947
534
7366
4108
1449
6232
17
8166
1790
646
1879
1385
2355
5595
8422
6667
7373
4049
3461
9923
5285
7868
4652
6921
8542
5062
8830
8453
6081
4919
678
8077
7991
7687
749
3730
2458
7684
380
3505
4316
9868
938
7203
6089
3127
289
644
3698
3102
1110
6606
7345
2966
1991
5964
6397
7222
9974
4667
6496
4144
2398
9387
7550
8864
8641
2373
7429
7290
5856
7085
2202
3006
152
7610
9370
5454
6448
6411
5729
7276
9461
4492
6333
8811
3125
5310
1226
4378
558
861
833
7902
8784
4686
8555
2168
2325
9534
2393
6499
7531
4395
1593
8324
7033
5228
4297
966
1181
3695
637
9164
9943
9978
45
164
1304
6267
2843
2659
5678
6494
6218
77
925
3001
4458
3919
8229
6817
2562
9352
9710
7284
4955
9656
782
4806
6504
3039
3112
5761
1779
739
393
8481
9411
158
9203
3034
9689
7323
4181
9999
5379
9192
7388
4656
9046
8119
2528
9537
8503
9449
635
3449
988
5708
66
5262
4812
8104
1193
9906
7507
1160
8100
1874
3433
6336
2780
4683
2335
5811
8321
3369
7558
4492
2284
9505
1448
1770
4328
5101
3528
3304
9121
7489
3708
5259
2944
2691
5370
7532
6328
9677
9111
2617
723
8293
3045
8718
3316
6034
536
3462
6253
5265
7724
2699
3320
4627
5364
5520
4927
8045
5210
5054
3420
5978
5739
7845
8370
6319
254
6966
3648
3615
8239
4785
3441
5263
9568
9146
3622
8346
3344
8269
4974
2438
4120
8153
1411
9064
3515
9079
187
3782
6483
4382
105
9601
5949
7606
4836
7889
2429
1731
924
8196
9700
528
5690
2847
2007
77
6952
88
228
6356
4523
1009
476
2046
9693
3815
5694
69
5563
5454
2503
7802
4942
8772
9570
7754
1713
5098
3197
8430
8344
51
6152
2025
5369
1684
5870
9092
5947
428
7054
1554
3111
5268
578
3831
1402
8443
9662
9820
9749
1930
9013
4482
8818
2450
1861
3887
1156
4520
3936
40
1570
278
8060
3752
7299
8708
7757
8682
260
6657
9287
1105
1325
2789
1723
5389
6683
1911
5801
5744
4749
7428
3283
6372
5642
5330
7786
6719
3428
7987
4000
7866
7098
7286
1610
4549
403
2238
6678
7586
5013
7234
9533
3376
8040
9147
9679
7658
2369
9121
4025
1117
8993
1178
5365
2637
5402
569
9830
4366
3734
4006
8309
7054
5385
3985
811
195
16
9089
9798
6902
4975
1836
1146
3706
4967
5532
43
4215
1801
3458
9245
6081
9945
9888
4992
2393
8980
9219
7664
1676
2196
1450
3637
6817
3043
6122
7998
8446
1610
8244
8552
5334
5287
3731
9596
7090
174
8393
2286
453
542
5200
675
7409
2612
8367
4321
5552
2403
1191
4968
3754
1695
2258
6280
8570
5269
9003
6997
5337
5482
6152
8508
3128
6884
7423
8203
6676
1638
5531
9345
2122
6089
770
6986
4281
5619
2820
6168
2498
4621
8386
840
1363
8815
2299
164
4272
2931
6808
7472
4034
2544
9385
3261
1089
8281
7519
7080
3119
1903
8016
1735
2523
9865
9389
8885
4930
2931
3261
1782
9492
2210
7795
1098
7933
3498
1370
9274
3542
5053
9412
5971
4906
1203
4526
1391
4445
7679
5181
6356
5109
7995
3506
9442
6827
4101
5594
6219
2813
9319
4548
9659
722
5916
7757
7580
9339
6368
646
5896
1908
8004
3267
3796
6278
6509
5513
1333
3589
7875
4641
5176
6709
9718
4220
6017
3881
8153
1909
113
5762
5579
4559
2043
5110
2611
738
956
3556
5911
3280
6664
6090
80
9377
6914
4829
1539
2625
842
1774
8042
8842
3432
6017
6093
2572
3841
6626
5962
9145
5176
2817
1052
2138
926
7343
2522
4958
3700
5175
9693
9071
1600
7161
8801
3315
4816
2150
9950
6400
6848
9465
9951
9075
9285
1015
5839
7217
1860
6358
2158
3829
8610
5730
5488
8172
9842
6416
3704
6877
2388
5347
8156
6396
9396
8265
9998
6172
6131
2079
1953
4007
5413
2884
8357
6824
3823
511
1196
121
1994
8940
8525
3368
7292
3394
7777
8728
2496
5223
6955
5229
3134
3558
3481
6449
5171
2877
6530
4908
7264
9557
4014
266
9116
7714
6085
8753
5106
3876
9212
3869
6865
453
3824
4217
7009
7629
8578
1891
9640
8271
8208
7595
2385
4954
757
4273
6665
183
3238
7592
645
4904
162
5122
113
9171
1010
3903
7504
4887
11
9717
5791
2411
6396
1574
4379
3713
949
5125
5810
5331
5842
9945
5942
6672
5963
7571
4455
8665
922
4599
5096
9724
4194
8969
6146
8621
4866
9575
1728
4630
394
2454
8858
2733
3800
91
990
3036
2361
5370
6585
369
5232
9190
8130
3502
9584
4721
60
8284
2077
7840
5667
3281
732
4840
3283
6189
9727
8514
8651
8264
7113
5073
3402
2571
5676
8166
6021
3142
9357
5976
160
9541
6290
4795
2192
1527
7150
749
9657
7169
5105
3604
23
2140
6082
9402
2897
7917
7727
7094
9545
7023
4514
5344
6338
5117
4665
1401
7622
3665
3058
2177
1288
7186
4474
1489
9221
356
6874
89
1698
6030
9693
717
8300
877
2690
8310
7885
933
1364
9495
9322
3495
6175
7003
6281
3693
7190
6849
90
6682
7930
1679
8595
3526
9001
6631
9108
1677
6159
5546
781
2753
2087
8266
2209
2034
4666
4116
7468
6532
4215
2126
2700
4880
9813
8634
6072
563
9863
1487
6604
363
6512
6036
4080
8679
3136
1118
7263
2327
2244
2431
5616
661
2320
8922
7500
2454
26
1194
1836
5079
4019
9593
7082
717
6435
6201
4295
713
5413
4386
1860
5326
3574
2023
9960
6649
2670
2645
9918
6564
9815
9862
9795
7586
4239
5758
6482
8969
4353
1262
419
1295
2580
824
6696
2266
5947
9882
5135
8885
2611
5260
7850
7880
5262
1959
8053
11
4661
9162
2205
3603
1532
1451
6182
6219
1861
4146
4
743
360
3029
5800
4233
7039
2456
802
1234
5837
35
4886
9578
6074
6674
463
815
4803
9401
2453
5297
7525
1666
551
1321
775
9577
2534
6577
411
1860
3840
1448
3720
1095
9988
1398
9633
5791
5389
823
3842
9084
7099
283
6556
5302
3290
3031
6156
4769
5720
3993
2526
1747
2120
7678
1245
1778
6094
866
8135
8234
2465
7942
2840
741
4130
6280
7276
7886
6870
3621
8887
8236
4988
5592
7782
4033
9755
9171
16
8605
674
2053
2389
1001
5549
501
5856
480
5125
2359
8090
691
4959
5335
4670
8465
495
145
7552
204
8576
2410
539
4440
7418
6784
3088
5628
3644
5865
6018
278
3841
4885
1250
8052
7301
410
3389
2472
531
5229
5449
8306
1541
4451
214
2102
8063
9858
6134
5398
7126
1201
9434
9197
6162
7826
8747
3867
7749
1793
7132
9103
5514
6654
7869
2753
7298
691
5074
9708
9041
9094
9642
3756
9659
147
5658
5720
1516
1668
1384
6566
6048
1331
1490
353
7532
5231
672
9141
7043
9624
4378
4179
9410
1585
9844
4516
2889
1598
7102
3660
358
4390
9020
7168
3718
673
9849
9526
31
7164
1691
5406
5197
513
6633
1350
7220
402
3351
7103
6557
4104
937
6615
3206
5567
5378
8044
6997
293
5878
6664
7650
1965
9975
1262
8548
9618
2002
1858
2843
5817
5811
6329
8608
6401
4111
506
5056
631
1764
726
1140
6413
3950
7174
1872
1859
5550
7962
984
7279
5594
3778
9696
8962
2214
6108
9542
5166
9732
9768
9183
5383
593
2277
5085
5401
8217
566
9864
2511
5312
7954
701
2908
7359
2110
9514
1637
3128
9037
2936
9664
7583
7859
4394
5216
9762
360
7522
4654
800
4381
6882
3945
3534
3148
1694
7816
1887
9531
6170
2415
8083
8589
638
9056
3463
2186
6680
4992
1261
3683
9660
9418
5315
6765
6945
89
4220
1556
9484
1161
2879
7302
4430
8677
2023
7025
995
3414
1292
5802
1550
182
2800
2133
9502
7815
9554
1677
7378
9449
8275
2309
5809
1571
4399
6831
2828
7027
6591
2568
1490
3452
4103
3034
1125
3960
2752
2437
9504
7923
8551
3631
7098
6959
3429
8570
9880
3555
1584
7733
8034
2751
5741
1969
313
9641
1513
471
9714
2849
8228
7408
6232
5268
6958
383
9063
208
196
6651
4718
3440
3356
2630
4951
847
7650
4638
2961
7964
4765
4721
6301
2014
2022
4799
3941
6239
2
3681
3773
3400
7694
916
4680
816
4517
6777
5817
3629
139
654
127
6773
2458
5509
5676
7648
7715
5880
8727
3291
8302
8890
8539
9368
1980
6825
5233
48
5620
8473
150
2339
1074
7786
4822
3499
8867
2517
1287
1250
456
1980
2055
1751
3196
6488
5802
1715
5172
6419
3290
6179
6820
9705
7278
5697
549
5110
1466
7936
7271
4608
4276
7159
5147
8761
2973
6428
5517
562
5802
4491
9073
256
2434
5492
8352
1012
6072
1681
9889
9375
6386
6592
2007
9812
997
8704
3361
9156
9969
6454
8325
1096
7391
8428
5532
4230
1981
6165
301
2837
9807
1180
7514
7202
7627
757
5787
4816
9405
3635
7216
6777
6753
7304
545
4258
9281
5353
3788
6694
2953
2990
8415
4850
6722
173
3292
5808
4426
8592
6549
4503
3617
780
5225
7013
2652
3727
3074
1586
9516
2954
9850
4995
7696
1629
9555
7586
5738
4699
5830
9873
3599
7805
4977
7237
5537
5642
2334
4620
5875
5110
119
8279
8870
4551
6206
9788
5008
9351
7940
2516
7444
1072
6864
3294
4401
7869
3015
5014
8611
1046
1006
7820
487
4639
5653
7211
1068
9772
2810
9784
9127
6105
9436
4538
6924
5066
8608
4187
7865
908
1947
4120
9930
1960
3364
8741
1186
2903
9769
9717
4809
3632
6527
6498
3638
4208
4311
1726
2297
2177
5279
9434
8269
4900
6719
9727
5384
8509
1530
8953
1196
7335
9306
5927
1913
5201
3407
8217
4270
1448
7933
2260
8414
2677
7302
9011
1584
5781
4948
7076
3297
9574
4388
965
8905
8244
3019
7002
4203
6536
404
9445
4329
2908
4215
9820
8047
6983
54
2053
2118
5545
1207
7809
7062
8013
7364
9406
6689
4867
4442
7143
6157
4786
5165
6870
9277
4701
685
1401
1025
3005
2587
4250
9796
3561
6816
9546
3236
1376
470
437
4430
4919
5803
2592
7812
3602
9215
8537
6627
8341
8435
9831
9896
5237
8130
9993
205
390
7855
3729
4449
8358
9175
4149
1272
9014
6184
7359
4415
6810
6638
5452
1845
9462
8990
4184
6931
5913
2120
666
5037
6298
9335
5256
523
7441
289
8831
9809
8308
2682
1887
4207
6689
7827
9427
1712
6302
6603
5064
4525
7116
4819
4227
2780
1372
5442
6808
3441
1033
6387
8070
1652
9753
5187
3236
2264
5377
9155
4440
9934
7453
5132
8451
3627
2401
5978
6761
6557
6930
9717
4809
8909
141
8521
6712
9049
9263
6032
7871
2253
3558
7294
7741
7098
9325
7520
5559
8756
1562
3262
9949
1153
7737
2926
6964
3835
9349
429
9790
5947
7617
8102
6383
5428
3413
9329
30
4568
4393
9915
8370
699
1250
944
5613
4310
5160
4145
8786
9748
5664
3520
7370
2676
9125
9173
4979
6274
4041
7687
4277
1032
164
1127
151
6514
4656
3990
2176
9230
3605
6083
3240
9615
3034
7414
6305
7890
6676
4960
5573
1510
8272
1408
8878
3367
4976
6472
5695
5138
266
4509
1209
9198
6569
6378
389
439
4793
6655
4718
6524
693
5836
9700
7317
7161
3715
922
7728
2592
1715
4470
4669
8370
5562
8069
7020
7201
737
8544
9833
8525
5039
1995
4875
97
1803
5246
7352
6673
7423
9529
1212
8924
4109
9031
3998
1421
7650
3881
1273
5965
7544
6505
2160
9470
9062
5915
3208
3208
4169
1224
6123
101
2545
868
7836
530
2559
5165
7390
5263
139
3424
153
9023
7173
6914
577
8217
3272
3441
9857
5499
3545
8104
5587
1399
3132
7751
8445
2832
3172
8905
4474
1832
4249
5095
5331
6947
5302
2813
9584
5649
3546
4425
5858
1994
6869
3585
2930
5732
905
8878
4990
1460
6553
7363
4699
528
3500
9938
9736
6967
4117
6565
5185
498
2992
2004
8215
9391
1968
7904
9229
3399
9342
6283
4367
2847
5100
4492
2906
4649
7947
4262
4264
8963
1579
9405
4197
8241
309
1067
5627
3056
7575
9744
8119
5432
2602
3359
3902
9187
4730
9453
1713
1955
3413
606
8710
8532
2175
9681
9719
7576
7448
2442
5924
1382
9171
5142
9831
7905
8209
556
6214
3944
4869
5730
9611
7936
7072
1499
4097
9658
8333
1716
4901
8729
5386
6617
7984
9564
8133
6086
8897
3795
4477
9038
1927
2288
7104
6557
2971
1048
9198
3708
5407
208
3815
630
7097
4003
5605
2085
2564
2340
6674
6472
2974
288
5977
6157
1779
9502
8794
8536
4671
1078
5160
8774
9096
2
2949
7679
6655
7515
6965
9610
4061
4035
5939
7741
5047
3455
8893
5296
4983
2433
7954
1866
9183
7960
670
4167
9553
6522
1825
4377
4645
6900
423
2794
9070
1554
6772
934
1806
2385
9533
6413
5796
3824
9782
3894
1197
8071
8498
6122
164
5449
6591
5617
5469
8451
293
5688
4954
39
1832
7255
7555
5714
5775
5089
908
8928
5496
8258
9382
395
9349
191
4311
9088
3909
8758
6447
7585
1455
4105
2840
8018
3420
8554
9498
637
5668
6300
2932
3403
4504
8575
4128
3163
4223
2173
7124
6154
228
1167
4638
6806
7185
4317
7156
1125
2494
4520
420
811
8008
4545
4993
91
565
1476
609
4980
8650
8622
7812
9243
9992
9605
2071
2399
8852
7401
4467
3050
1161
6344
1805
6203
7256
4354
6045
3891
7276
3893
5409
9597
4743
6634
9839
7727
1396
494
9442
2261
6477
1085
9840
742
4459
4009
3851
8078
7075
5441
628
5273
713
7800
4600
9097
5836
2108
3015
4084
1670
4359
8258
9821
6813
6955
931
2690
4625
7451
1339
7015
5096
4178
4764
1985
9378
9753
3686
9918
3950
4691
4045
8638
1743
9071
4005
8872
4687
1545
6955
6877
2046
1208
9063
7399
7160
1640
9493
3007
343
5970
3133
8629
6745
9379
707
3580
9236
2478
8527
988
2472
477
9954
1200
452
8024
9969
8702
5420
2030
186
4567
5308
2386
4225
7529
235
3548
2387
9767
6321
9781
8059
9823
2228
8765
8980
4603
5486
3595
7223
9334
8944
8242
3987
9753
6620
8115
812
1779
4094
5850
1320
9213
8079
5029
8566
542
8511
9352
3311
5798
927
2990
755
3686
1090
2335
9337
9307
177
2596
9990
8114
2864
9426
6263
4814
8773
3634
8672
1672
7260
8460
640
6133
2300
5389
3865
5549
2050
2769
987
1444
9481
1546
5878
2
392
6234
6263
7756
577
4151
6605
3223
8530
1055
4515
3332
2069
1003
4583
8747
7403
3160
9653
8335
7180
780
1313
1085
9988
6213
9296
3402
3043
5712
3354
5840
8201
867
8229
1883
5835
4683
9482
5363
4331
9814
6384
675
318
4180
4908
6979
1012
5511
403
5380
9682
3664
5258
6742
2712
7650
3528
4235
2965
2527
1361
6050
5575
6732
7166
188
336
8327
803
8609
3022
4706
5337
2632
9758
1404
4801
2152
2201
7576
9049
8229
1409
4149
1177
9979
4625
8820
151
4351
830
6804
2618
3906
1067
7413
2087
9500
2393
9300
3014
3604
6978
9756
9520
8874
5538
6007
2096
2589
7638
482
9461
53
288
3802
6851
5370
2585
1098
1515
8036
1389
2130
9528
8702
3357
8248
844
5751
3132
3996
2601
362
839
4809
637
8086
2311
5172
8659
8569
7471
8529
1390
8666
245
9693
2584
4389
2361
7241
7018
7554
4644
1929
5156
584
2845
9245
5154
3725
838
9022
252
2049
7438
2893
1637
2098
1056
2045
5326
9152
858
9955
2626
3040
6611
4575
2648
8250
5572
7141
701
1744
3714
4247
5566
5048
4829
6048
1547
6838
3920
6902
969
9093
2788
3866
9153
3635
3528
5573
1266
3242
7800
6870
8636
3160
5548
8523
3724
6271
1938
5073
7494
5081
802
4027
6945
3340
2277
955
7330
7292
6411
1744
7496
8517
1744
610
9939
7190
1248
956
5946
6744
7348
6820
9679
171
3659
415
7207
4487
143
5877
2302
2552
6202
1015
3385
4520
7746
6780
5708
8209
8819
4117
203
8906
3767
9699
5559
936
7501
176
5426
1234
7505
6185
500
7568
8276
9374
6928
1083
6083
678
7582
1904
6885
8482
5850
1519
1521
5260
5081
9038
7825
1086
2251
9067
4979
8433
5425
3547
6444
3024
5331
9691
9060
2394
6605
2332
9021
2062
439
582
6019
281
8759
9517
2351
5726
8937
9409
4620
2039
9801
6910
5151
9307
8471
4530
7005
3815
7195
6880
9723
8751
8530
6686
9518
5387
4307
6979
9954
6485
1908
3918
3158
1762
2414
868
2417
7948
536
5305
6530
6699
7244
3745
4528
6258
3135
9447
8256
526
1821
3189
964
34
8606
2505
4261
2226
3610
4392
6633
419
9881
5641
9525
7060
9933
4248
9456
813
5372
2057
4112
6947
4917
2351
7456
4308
5981
5752
101
6647
2286
3166
4745
3397
1054
3393
4106
4902
4605
802
9830
8166
7892
8220
4985
4833
7283
6659
4522
6768
5777
7854
8501
1170
2527
7101
7797
9408
565
9052
2844
52
7999
2170
8928
5139
7858
164
657
236
529
8896
9888
4246
6686
9488
890
3749
8258
2986
2705
5704
6518
1622
8598
4492
5839
2194
412
4965
5020
2061
1035
8001
700
937
7893
6592
151
2339
4128
6324
1860
5383
1891
6747
9789
2926
7644
8936
571
2596
8576
1857
5394
2344
9965
7494
5452
8913
9759
2875
5618
6884
6799
8271
8558
4144
7349
8602
9415
4770
698
8384
2675
6526
1553
848
324
7149
5107
2076
218
8852
6236
294
9982
5699
3924
7984
7281
4684
8503
4914
4547
4903
5283
2962
2953
5676
835
5978
9805
1985
5818
7343
2440
5390
8912
7536
4435
1452
9024
1292
7738
7169
980
2182
5335
8958
6763
5537
4355
5283
9901
8396
7584
2979
6496
464
9051
7594
3509
4639
2057
8114
6101
7523
9989
7587
9323
8407
3771
5000
2585
8098
7753
6135
7630
72
8824
4898
5193
558
672
8262
9242
5904
182
1834
8304
7298
6613
3819
5784
4488
9474
5285
7859
9131
6875
9524
4668
8003
2264
593
8364
5209
9586
3761
5477
106
9297
7714
471
8193
2880
9960
2713
8210
560
4303
1548
3983
3049
6082
8358
1472
7258
6541
2034
6660
5282
7200
6686
5096
9046
4761
5609
4555
8311
2320
1764
990
9965
2691
7447
4739
4321
3094
747
3769
4898
4322
3846
2263
1395
271
9601
6663
9526
3909
8867
2850
4504
9854
4070
384
5816
8265
8324
3832
1648
8183
2582
9380
4045
8967
4644
6860
8872
1461
4190
7872
7636
2754
2235
4222
5678
7686
4756
8500
2829
4574
7444
2936
2126
9743
9413
5776
2634
196
7658
1506
50
8868
1947
5695
181
9894
9207
3195
9142
9282
8280
3749
6147
1067
9542
8865
901
7356
4195
602
3883
9507
2197
8666
2531
4630
5702
8417
3786
7714
9364
3506
4576
8241
6851
1023
5478
5080
3437
9630
332
2635
3243
5584
8282
4591
8421
6528
2865
9372
4474
5048
7229
4762
5138
9701
3135
5916
4265
6554
3478
1360
8895
3678
2525
5717
3434
1481
9731
5043
4417
2525
223
557
7102
6716
8870
7264
2162
6537
1036
6702
6535
9994
4334
2950
6981
1943
4800
8007
8204
6443
4306
6503
7684
8030
8792
4573
9108
7772
4893
3561
9632
215
4247
2363
4548
1438
629
6992
1088
4091
3987
9473
5999
9131
1366
893
8766
3955
3153
1511
1226
162
233
7100
9845
7221
6089
8718
9681
5069
7796
8370
9850
1744
2034
4042
7736
7833
7867
6653
9013
5671
2659
6320
2065
2276
8838
3286
6327
932
4139
3440
1663
482
4852
8735
3305
4323
1507
6721
4976
1303
4089
47
7367
9376
973
7047
2257
9064
8256
5368
508
3040
1660
9294
3866
8128
1818
9441
5503
5538
2561
6955
5245
8112
4793
4068
1547
2040
9081
1309
8946
5034
3769
7701
3149
9108
5018
9543
356
9137
560
4730
1985
2107
3082
4813
2317
7227
1182
1675
9264
3720
9347
8518
9632
5179
3799
4233
6011
6235
2040
5464
6806
3343
4646
7669
8651
2613
1544
5840
2614
4553
6577
5463
3526
573
9070
3837
2776
2706
6228
3063
4927
1535
3533
9528
9222
5737
8244
6051
9135
4332
4678
5174
6080
3645
6045
2441
63
3464
4891
5788
7037
5473
256
9029
2613
7444
8709
7076
9721
4707
217
4083
924
1791
7020
2827
210
852
6018
8543
3469
7180
7095
2499
8264
3307
721
4883
7373
2906
4553
1892
4142
3659
6745
1994
6945
9631
5129
1456
5754
2910
9008
6096
5445
8209
3580
4978
9956
3625
6521
3086
6379
4996
9063
9839
878
3779
1346
6651
547
5022
8428
3761
9975
816
7010
7149
895
8789
4829
554
3189
1727
8724
4889
6818
384
1429
4519
5476
3691
1264
7504
6908
7782
5155
613
9300
7622
3058
5959
7105
678
530
8408
1523
5089
5122
9082
8566
4634
428
3836
553
6533
6562
8004
8196
5568
460
9110
1488
1083
4682
1537
2442
1329
9224
9218
266
9040
3899
6050
7849
8678
6593
3816
4407
3793
4874
1907
9151
5015
9545
2919
7766
2461
3010
8863
6942
6297
3535
7517
9700
6317
7583
5876
8524
7441
6286
8555
8032
5010
1927
1730
7639
1333
978
8560
7676
9042
8243
8712
1109
4778
4271
9099
4504
2914
6153
3125
3474
8640
5838
4829
8554
7753
4073
3813
9135
3264
5022
8270
4230
3121
5816
4555
6406
4589
6089
662
1668
4829
3873
7579
8712
1795
3269
6996
5855
9102
5286
975
3049
5134
9317
4409
3633
4549
9077
3225
9934
5558
3748
729
2788
4971
3397
9160
6282
921
71
9496
7404
7315
9555
4706
4270
2503
2558
1665
347
8777
9498
1323
2346
5902
785
6903
9666
4123
5133
5778
9772
1829
674
5982
9979
2414
4315
4207
3516
7558
4652
2685
7246
6404
4943
8980
384
7018
5153
7583
6129
2637
7748
268
6056
9597
9933
4869
3437
1797
7725
4252
323
4231
380
5973
339
3490
5382
8325
3143
5644
1492
8758
4521
914
9828
213
724
6484
2676
551
1001
248
8671
3252
3005
8982
1655
808
7316
7017
1421
2036
411
3943
4827
8805
5192
893
896
1262
1279
682
5295
1284
9027
8902
1589
8455
8056
5295
9196
8900
911
9254
4460
3709
994
6602
3498
3138
5681
9717
9859
8343
8396
8801
8234
8462
4779
7126
6065
1625
9848
7888
254
9575
9870
5682
6333
2781
7697
5529
3737
3620
9977
9703
4612
7322
1599
2102
9456
6169
9044
4002
9434
536
729
1392
3083
4748
5402
4629
1095
7275
3158
6212
4128
1659
7616
8188
7020
205
9245
416
9206
7269
7512
4559
8108
9190
801
8513
5097
2738
8971
5712
760
2615
4817
9204
3360
8984
605
6491
4307
5165
9740
6421
2258
205
3112
9452
9304
8868
4602
9983
8470
2437
6783
9791
6493
2268
5042
8691
9800
3055
6151
6662
7569
3979
8344
1536
5322
6396
6219
1471
3437
4717
